PS C:\Users\trisp\OneDrive\Documents\M1\M1projet> javac main.java
PS C:\Users\trisp\OneDrive\Documents\M1\M1projet> java main      
Mot à crypté: a
Tableau ASCII du mot :
Tableau mélangé :
33 16 53 49 48 42 21 8 11 3 23 19 4 2 9 41 37 44 34 51 24 45 7 1 14 13 43 22 36 10 29 20 35 47 30 12 5 18 25 54 27 15 31 28 39 6 40 17 50 38 46 52 26 32 
Mouv joker N:
33 16 49 53 48 42 21 8 11 3 23 19 4 2 9 41 37 44 34 51 24 45 7 1 14 13 43 22 36 10 29 20 35 47 30 12 5 18 25 54 27 15 31 28 39 6 40 17 50 38 46 52 26 32 
Mouv joker R:
33 16 49 53 48 42 21 8 11 3 23 19 4 2 9 41 37 44 34 51 24 45 7 1 14 13 43 22 36 10 29 20 35 47 30 12 5 18 25 15 27 54 31 28 39 6 40 17 50 38 46 52 26 32 
Double coupe :
31 28 39 6 40 17 50 38 46 52 26 32 53 48 42 21 8 11 3 23 19 4 2 9 41 37 44 34 51 24 45 7 1 14 13 43 22 36 10 29 20 35 47 30 12 5 18 25 15 27 54 33 16 49
Simple coupe :
27 54 33 16 31 28 39 6 40 17 50 38 46 52 26 32 53 48 42 21 8 11 3 23 19 4 2 9 41 37 44 34 51 24 45 7 1 14 13 43 22 36 10 29 20 35 47 30 12 5 18 25 15 49 
debut étape 5
lettre numero 0
etat deck
27 54 33 16 31 28 39 6 40 17 50 38 46 52 26 32 53 48 42 21 8 11 3 23 19 4 2 9 41 37 44 34 51 24 45 7 1 14 13 43 22 36 10 29 20 35 47 30 12 5 18 25 15 49
valeur carte au dessus 27
c'est bon lettre trouver pour la clef : 9 de base 9
La clef :
9
mot crypté en ascii
10
mot crypté : j
deck avant décryptage :
33 16 49 53 48 42 21 8 11 3 23 19 4 2 9 41 37 44 34 51 24 45 7 1 14 13 43 22 36 10 29 20 35 47 30 12 5 18 25 15 27 54 31 28 39 6 40 17 50 38 46 52 26 32 
Mouv joker N:
33 16 49 48 53 42 21 8 11 3 23 19 4 2 9 41 37 44 34 51 24 45 7 1 14 13 43 22 36 10 29 20 35 47 30 12 5 18 25 15 27 54 31 28 39 6 40 17 50 38 46 52 26 32
Mouv joker R:
33 16 49 48 53 42 21 8 11 3 23 19 4 2 9 41 37 44 34 51 24 45 7 1 14 13 43 22 36 10 29 20 35 47 30 12 5 18 25 15 27 28 31 54 39 6 40 17 50 38 46 52 26 32
Double coupe :
39 6 40 17 50 38 46 52 26 32 53 42 21 8 11 3 23 19 4 2 9 41 37 44 34 51 24 45 7 1 14 13 43 22 36 10 29 20 35 47 30 12 5 18 25 15 27 28 31 54 33 16 49 48 
Simple coupe :
31 54 33 16 49 39 6 40 17 50 38 46 52 26 32 53 42 21 8 11 3 23 19 4 2 9 41 37 44 34 51 24 45 7 1 14 13 43 22 36 10 29 20 35 47 30 12 5 18 25 15 27 28 48
debut étape 5
lettre numero 0
etat deck
31 54 33 16 49 39 6 40 17 50 38 46 52 26 32 53 42 21 8 11 3 23 19 4 2 9 41 37 44 34 51 24 45 7 1 14 13 43 22 36 10 29 20 35 47 30 12 5 18 25 15 27 28 48
valeur carte au dessus 31
c'est bon lettre trouver pour la clef : 24 de base 24
La clef2 :
24
mot décrypté : ²
PS C:\Users\trisp\OneDrive\Documents\M1\M1projet> 