PS C:\Users\trisp\OneDrive\Documents\M1\M1projet> java main
Mot à crypté: aA
Tableau ASCII du mot :
Tableau mélangé :
46 26 22 9 7 18 34 44 38 4 29 30 24 13 37 11 17 10 50 3 2 19 33 14 48 23 15 5 53 52 36 31 25 39 32 6 35 27 28 16 54 47 8 40 49 41 1 21 12 42 51 45 43 20
Mouv joker N:
46 26 22 9 7 18 34 44 38 4 29 30 24 13 37 11 17 10 50 3 2 19 33 14 48 23 15 5 52 53 36 31 25 39 32 6 35 27 28 16 54 47 8 40 49 41 1 21 12 42 51 45 43 20
Mouv joker R:
46 26 22 9 7 18 34 44 38 4 29 30 24 13 37 11 17 10 50 3 2 19 33 14 48 23 15 5 52 53 36 31 25 39 32 6 35 27 28 16 8 47 54 40 49 41 1 21 12 42 51 45 43 20
Double coupe :
40 49 41 1 21 12 42 51 45 43 20 53 36 31 25 39 32 6 35 27 28 16 8 47 54 46 26 22 9 7 18 34 44 38 4 29 30 24 13 37 11 17 10 50 3 2 19 33 14 48 23 15 5 52
Simple coupe :
5 40 49 41 1 21 12 42 51 45 43 20 53 36 31 25 39 32 6 35 27 28 16 8 47 54 46 26 22 9 7 18 34 44 38 4 29 30 24 13 37 11 17 10 50 3 2 19 33 14 48 23 15 52 
debut étape 5
lettre numero 0
etat deck
5 40 49 41 1 21 12 42 51 45 43 20 53 36 31 25 39 32 6 35 27 28 16 8 47 54 46 26 22 9 7 18 34 44 38 4 29 30 24 13 37 11 17 10 50 3 2 19 33 14 48 23 15 52
valeur carte au dessus 5
c'est bon lettre trouver pour la clef : 21 de base 21
Mouv joker N:
5 40 49 41 1 21 12 42 51 45 43 20 36 53 31 25 39 32 6 35 27 28 16 8 47 54 46 26 22 9 7 18 34 44 38 4 29 30 24 13 37 11 17 10 50 3 2 19 33 14 48 23 15 52
Mouv joker R:
5 40 49 41 1 21 12 42 51 45 43 20 36 53 31 25 39 32 6 35 27 28 16 8 47 26 46 54 22 9 7 18 34 44 38 4 29 30 24 13 37 11 17 10 50 3 2 19 33 14 48 23 15 52
Double coupe :
22 9 7 18 34 44 38 4 29 30 24 13 37 11 17 10 50 3 2 19 33 14 48 23 15 52 53 31 25 39 32 6 35 27 28 16 8 47 26 46 54 5 40 49 41 1 21 12 42 51 45 43 20 36 
Simple coupe :
8 47 26 46 54 5 40 49 41 1 21 12 42 51 45 43 20 22 9 7 18 34 44 38 4 29 30 24 13 37 11 17 10 50 3 2 19 33 14 48 23 15 52 53 31 25 39 32 6 35 27 28 16 36
lettre numero 1
etat deck
8 47 26 46 54 5 40 49 41 1 21 12 42 51 45 43 20 22 9 7 18 34 44 38 4 29 30 24 13 37 11 17 10 50 3 2 19 33 14 48 23 15 52 53 31 25 39 32 6 35 27 28 16 36
valeur carte au dessus 8
c'est bon lettre trouver pour la clef : 15 de base 41
La clef :
21 15
mot crypté en ascii
22 16
mot crypté : vp
Mouv joker N:
46 26 22 9 7 18 34 44 38 4 29 30 24 13 37 11 17 10 50 3 2 19 33 14 48 23 15 5 52 36 53 31 25 39 32 6 35 27 28 16 8 47 54 40 49 41 1 21 12 42 51 45 43 20 
Mouv joker R:
46 26 22 9 7 18 34 44 38 4 29 30 24 13 37 11 17 10 50 3 2 19 33 14 48 23 15 5 52 36 53 31 25 39 32 6 35 27 28 16 8 47 49 40 54 41 1 21 12 42 51 45 43 20
Double coupe :
41 1 21 12 42 51 45 43 20 53 31 25 39 32 6 35 27 28 16 8 47 49 40 54 46 26 22 9 7 18 34 44 38 4 29 30 24 13 37 11 17 10 50 3 2 19 33 14 48 23 15 5 52 36
Simple coupe :
24 13 37 11 17 10 50 3 2 19 33 14 48 23 15 5 52 41 1 21 12 42 51 45 43 20 53 31 25 39 32 6 35 27 28 16 8 47 49 40 54 46 26 22 9 7 18 34 44 38 4 29 30 36
debut étape 5
lettre numero 0
etat deck
24 13 37 11 17 10 50 3 2 19 33 14 48 23 15 5 52 41 1 21 12 42 51 45 43 20 53 31 25 39 32 6 35 27 28 16 8 47 49 40 54 46 26 22 9 7 18 34 44 38 4 29 30 36
valeur carte au dessus 24
c'est bon lettre trouver pour la clef : 17 de base 43
Mouv joker N:
24 13 37 11 17 10 50 3 2 19 33 14 48 23 15 5 52 41 1 21 12 42 51 45 43 20 31 53 25 39 32 6 35 27 28 16 8 47 49 40 54 46 26 22 9 7 18 34 44 38 4 29 30 36 
Mouv joker R:
24 13 37 11 17 10 50 3 2 19 33 14 48 23 15 5 52 41 1 21 12 42 51 45 43 20 31 53 25 39 32 6 35 27 28 16 8 47 49 40 26 46 54 22 9 7 18 34 44 38 4 29 30 36
Double coupe :
22 9 7 18 34 44 38 4 29 30 36 53 25 39 32 6 35 27 28 16 8 47 49 40 26 46 54 24 13 37 11 17 10 50 3 2 19 33 14 48 23 15 5 52 41 1 21 12 42 51 45 43 20 31
Simple coupe :
17 10 50 3 2 19 33 14 48 23 15 5 52 41 1 21 12 42 51 45 43 20 22 9 7 18 34 44 38 4 29 30 36 53 25 39 32 6 35 27 28 16 8 47 49 40 26 46 54 24 13 37 11 31
lettre numero 1
etat deck
17 10 50 3 2 19 33 14 48 23 15 5 52 41 1 21 12 42 51 45 43 20 22 9 7 18 34 44 38 4 29 30 36 53 25 39 32 6 35 27 28 16 8 47 49 40 26 46 54 24 13 37 11 31
valeur carte au dessus 17
c'est bon lettre trouver pour la clef : 16 de base 42
La clef2 :
17 16
mot décrypté : ÅÀ