Mot à crypté:
ppp
Tableau ASCII du mot :
Tableau mélangé :
47 6 19 48 24 45 41 43 5 28 11 42 9 38 27 13 26 8 31 16 49 40 3 21 22 17 7 53 51 15 14 12 1 25 39 30 20 46 2 18 50 54 35 29 36 34 32 4 52 33 44 10 23 37 
Mouv joker:
47 6 19 48 24 45 41 43 5 28 11 42 9 38 27 13 26 8 31 16 49 40 3 21 22 17 7 51 53 15 14 12 1 25 39 30 20 46 2 18 50 54 35 29 36 34 32 4 52 33 44 10 23 37 
Mouv joker:
47 6 19 48 24 45 41 43 5 28 11 42 9 38 27 13 26 8 31 16 49 40 3 21 22 17 7 51 53 15 14 12 1 25 39 30 20 46 2 18 50 35 54 29 36 34 32 4 52 33 44 10 23 37 
Mouv joker:
47 6 19 48 24 45 41 43 5 28 11 42 9 38 27 13 26 8 31 16 49 40 3 21 22 17 7 51 53 15 14 12 1 25 39 30 20 46 2 18 50 35 29 54 36 34 32 4 52 33 44 10 23 37 
Double coupe :
36 34 32 4 52 33 44 10 23 37 53 15 14 12 1 25 39 30 20 46 2 18 50 35 29 54 47 6 19 48 24 45 41 43 5 28 11 42 9 38 27 13 26 8 31 16 49 40 3 21 22 17 7 51 
Simple coupe :
17 7 36 34 32 4 52 33 44 10 23 37 53 15 14 12 1 25 39 30 20 46 2 18 50 35 29 54 47 6 19 48 24 45 41 43 5 28 11 42 9 38 27 13 26 8 31 16 49 40 3 21 22 51 
debut étape 5
lettre numero 0
etat deck
17 7 36 34 32 4 52 33 44 10 23 37 53 15 14 12 1 25 39 30 20 46 2 18 50 35 29 54 47 6 19 48 24 45 41 43 5 28 11 42 9 38 27 13 26 8 31 16 49 40 3 21 22 51 
valeur carte au dessus 17
c'est bon lettre trouver pour la clef : 25 de base 25
Mouv joker:
17 7 36 34 32 4 52 33 44 10 23 37 15 53 14 12 1 25 39 30 20 46 2 18 50 35 29 54 47 6 19 48 24 45 41 43 5 28 11 42 9 38 27 13 26 8 31 16 49 40 3 21 22 51 
Mouv joker:
17 7 36 34 32 4 52 33 44 10 23 37 15 53 14 12 1 25 39 30 20 46 2 18 50 35 29 47 54 6 19 48 24 45 41 43 5 28 11 42 9 38 27 13 26 8 31 16 49 40 3 21 22 51 
Mouv joker:
17 7 36 34 32 4 52 33 44 10 23 37 15 53 14 12 1 25 39 30 20 46 2 18 50 35 29 47 6 54 19 48 24 45 41 43 5 28 11 42 9 38 27 13 26 8 31 16 49 40 3 21 22 51 
Double coupe :
19 48 24 45 41 43 5 28 11 42 9 38 27 13 26 8 31 16 49 40 3 21 22 51 53 14 12 1 25 39 30 20 46 2 18 50 35 29 47 6 54 17 7 36 34 32 4 52 33 44 10 23 37 15 
Simple coupe :
8 31 16 49 40 3 21 22 51 53 14 12 1 25 39 30 20 46 2 18 50 35 29 47 6 54 17 7 36 34 32 4 52 33 44 10 23 37 19 48 24 45 41 43 5 28 11 42 9 38 27 13 26 15 
lettre numero 1
etat deck
8 31 16 49 40 3 21 22 51 53 14 12 1 25 39 30 20 46 2 18 50 35 29 47 6 54 17 7 36 34 32 4 52 33 44 10 23 37 19 48 24 45 41 43 5 28 11 42 9 38 27 13 26 15 
valeur carte au dessus 8
c'est bon lettre trouver pour la clef : 25 de base 51
Mouv joker:
8 31 16 49 40 3 21 22 51 14 53 12 1 25 39 30 20 46 2 18 50 35 29 47 6 54 17 7 36 34 32 4 52 33 44 10 23 37 19 48 24 45 41 43 5 28 11 42 9 38 27 13 26 15 
Mouv joker:
8 31 16 49 40 3 21 22 51 14 53 12 1 25 39 30 20 46 2 18 50 35 29 47 6 17 54 7 36 34 32 4 52 33 44 10 23 37 19 48 24 45 41 43 5 28 11 42 9 38 27 13 26 15 
Mouv joker:
8 31 16 49 40 3 21 22 51 14 53 12 1 25 39 30 20 46 2 18 50 35 29 47 6 17 7 54 36 34 32 4 52 33 44 10 23 37 19 48 24 45 41 43 5 28 11 42 9 38 27 13 26 15 
Double coupe :
36 34 32 4 52 33 44 10 23 37 19 48 24 45 41 43 5 28 11 42 9 38 27 13 26 15 53 12 1 25 39 30 20 46 2 18 50 35 29 47 6 17 7 54 8 31 16 49 40 3 21 22 51 14 
Simple coupe :
41 43 5 28 11 42 9 38 27 13 26 15 53 12 1 25 39 30 20 46 2 18 50 35 29 47 6 17 7 54 8 31 16 49 40 3 21 22 51 36 34 32 4 52 33 44 10 23 37 19 48 24 45 14 
lettre numero 2
etat deck
41 43 5 28 11 42 9 38 27 13 26 15 53 12 1 25 39 30 20 46 2 18 50 35 29 47 6 17 7 54 8 31 16 49 40 3 21 22 51 36 34 32 4 52 33 44 10 23 37 19 48 24 45 14 
valeur carte au dessus 41
c'est bon lettre trouver pour la clef : 6 de base 32
La clef :
25 25 6 
mot crypté en ascii
41 41 22 
mot crypté : ??v
deck avant décryptage :
47 6 19 48 24 45 41 43 5 28 11 42 9 38 27 13 26 8 31 16 49 40 3 21 22 17 7 53 51 15 14 12 1 25 39 30 20 46 2 18 50 54 35 29 36 34 32 4 52 33 44 10 23 37 
Mouv joker:
47 6 19 48 24 45 41 43 5 28 11 42 9 38 27 13 26 8 31 16 49 40 3 21 22 17 7 51 53 15 14 12 1 25 39 30 20 46 2 18 50 54 35 29 36 34 32 4 52 33 44 10 23 37 
Mouv joker:
47 6 19 48 24 45 41 43 5 28 11 42 9 38 27 13 26 8 31 16 49 40 3 21 22 17 7 51 53 15 14 12 1 25 39 30 20 46 2 18 50 35 54 29 36 34 32 4 52 33 44 10 23 37 
Mouv joker:
47 6 19 48 24 45 41 43 5 28 11 42 9 38 27 13 26 8 31 16 49 40 3 21 22 17 7 51 53 15 14 12 1 25 39 30 20 46 2 18 50 35 29 54 36 34 32 4 52 33 44 10 23 37 
Double coupe :
36 34 32 4 52 33 44 10 23 37 53 15 14 12 1 25 39 30 20 46 2 18 50 35 29 54 47 6 19 48 24 45 41 43 5 28 11 42 9 38 27 13 26 8 31 16 49 40 3 21 22 17 7 51 
Simple coupe :
17 7 36 34 32 4 52 33 44 10 23 37 53 15 14 12 1 25 39 30 20 46 2 18 50 35 29 54 47 6 19 48 24 45 41 43 5 28 11 42 9 38 27 13 26 8 31 16 49 40 3 21 22 51 
debut étape 5
lettre numero 0
etat deck
17 7 36 34 32 4 52 33 44 10 23 37 53 15 14 12 1 25 39 30 20 46 2 18 50 35 29 54 47 6 19 48 24 45 41 43 5 28 11 42 9 38 27 13 26 8 31 16 49 40 3 21 22 51 
valeur carte au dessus 17
c'est bon lettre trouver pour la clef : 25 de base 25
Mouv joker:
17 7 36 34 32 4 52 33 44 10 23 37 15 53 14 12 1 25 39 30 20 46 2 18 50 35 29 54 47 6 19 48 24 45 41 43 5 28 11 42 9 38 27 13 26 8 31 16 49 40 3 21 22 51 
Mouv joker:
17 7 36 34 32 4 52 33 44 10 23 37 15 53 14 12 1 25 39 30 20 46 2 18 50 35 29 47 54 6 19 48 24 45 41 43 5 28 11 42 9 38 27 13 26 8 31 16 49 40 3 21 22 51 
Mouv joker:
17 7 36 34 32 4 52 33 44 10 23 37 15 53 14 12 1 25 39 30 20 46 2 18 50 35 29 47 6 54 19 48 24 45 41 43 5 28 11 42 9 38 27 13 26 8 31 16 49 40 3 21 22 51 
Double coupe :
19 48 24 45 41 43 5 28 11 42 9 38 27 13 26 8 31 16 49 40 3 21 22 51 53 14 12 1 25 39 30 20 46 2 18 50 35 29 47 6 54 17 7 36 34 32 4 52 33 44 10 23 37 15 
Simple coupe :
8 31 16 49 40 3 21 22 51 53 14 12 1 25 39 30 20 46 2 18 50 35 29 47 6 54 17 7 36 34 32 4 52 33 44 10 23 37 19 48 24 45 41 43 5 28 11 42 9 38 27 13 26 15 
lettre numero 1
etat deck
8 31 16 49 40 3 21 22 51 53 14 12 1 25 39 30 20 46 2 18 50 35 29 47 6 54 17 7 36 34 32 4 52 33 44 10 23 37 19 48 24 45 41 43 5 28 11 42 9 38 27 13 26 15 
valeur carte au dessus 8
c'est bon lettre trouver pour la clef : 25 de base 51
Mouv joker:
8 31 16 49 40 3 21 22 51 14 53 12 1 25 39 30 20 46 2 18 50 35 29 47 6 54 17 7 36 34 32 4 52 33 44 10 23 37 19 48 24 45 41 43 5 28 11 42 9 38 27 13 26 15 
Mouv joker:
8 31 16 49 40 3 21 22 51 14 53 12 1 25 39 30 20 46 2 18 50 35 29 47 6 17 54 7 36 34 32 4 52 33 44 10 23 37 19 48 24 45 41 43 5 28 11 42 9 38 27 13 26 15 
Mouv joker:
8 31 16 49 40 3 21 22 51 14 53 12 1 25 39 30 20 46 2 18 50 35 29 47 6 17 7 54 36 34 32 4 52 33 44 10 23 37 19 48 24 45 41 43 5 28 11 42 9 38 27 13 26 15 
Double coupe :
36 34 32 4 52 33 44 10 23 37 19 48 24 45 41 43 5 28 11 42 9 38 27 13 26 15 53 12 1 25 39 30 20 46 2 18 50 35 29 47 6 17 7 54 8 31 16 49 40 3 21 22 51 14 
Simple coupe :
41 43 5 28 11 42 9 38 27 13 26 15 53 12 1 25 39 30 20 46 2 18 50 35 29 47 6 17 7 54 8 31 16 49 40 3 21 22 51 36 34 32 4 52 33 44 10 23 37 19 48 24 45 14 
lettre numero 2
etat deck
41 43 5 28 11 42 9 38 27 13 26 15 53 12 1 25 39 30 20 46 2 18 50 35 29 47 6 17 7 54 8 31 16 49 40 3 21 22 51 36 34 32 4 52 33 44 10 23 37 19 48 24 45 14 
valeur carte au dessus 41
c'est bon lettre trouver pour la clef : 6 de base 32
La clef2 :
25 25 6 
mot décrypté : ppp
