Mot à crypté:
test
Mouv joker:
12 48 9 36 35 15 20 51 10 26 54 22 29 25 34 28 38 2 27 24 31 30 1 17 3 33 44 32 46 14 5 16 4 43 7 50 18 13 8 41 37 47 52 19 45 21 49 53 40 23 42 11 39 6 
Mouv joker:
12 48 9 36 35 15 20 51 10 26 22 54 29 25 34 28 38 2 27 24 31 30 1 17 3 33 44 32 46 14 5 16 4 43 7 50 18 13 8 41 37 47 52 19 45 21 49 53 40 23 42 11 39 6 
Mouv joker:
12 48 9 36 35 15 20 51 10 26 22 29 54 25 34 28 38 2 27 24 31 30 1 17 3 33 44 32 46 14 5 16 4 43 7 50 18 13 8 41 37 47 52 19 45 21 49 53 40 23 42 11 39 6 
Double coupe :
40 23 42 11 39 6 54 25 34 28 38 2 27 24 31 30 1 17 3 33 44 32 46 14 5 16 4 43 7 50 18 13 8 41 37 47 52 19 45 21 49 53 12 48 9 36 35 15 20 51 10 26 22 29 
Simple coupe :
50 18 13 8 41 37 47 52 19 45 21 49 53 12 48 9 36 35 15 20 51 10 26 22 40 23 42 11 39 6 54 25 34 28 38 2 27 24 31 30 1 17 3 33 44 32 46 14 5 16 4 43 7 29 
debut étape 5
lettre numero 0
etat deck
50 18 13 8 41 37 47 52 19 45 21 49 53 12 48 9 36 35 15 20 51 10 26 22 40 23 42 11 39 6 54 25 34 28 38 2 27 24 31 30 1 17 3 33 44 32 46 14 5 16 4 43 7 29 
valeur carte au dessus 50
c'est bon lettre trouver pour la clef : 4 de base 4
Mouv joker:
50 18 13 8 41 37 47 52 19 45 21 49 12 53 48 9 36 35 15 20 51 10 26 22 40 23 42 11 39 6 54 25 34 28 38 2 27 24 31 30 1 17 3 33 44 32 46 14 5 16 4 43 7 29 
Mouv joker:
50 18 13 8 41 37 47 52 19 45 21 49 12 53 48 9 36 35 15 20 51 10 26 22 40 23 42 11 39 6 25 54 34 28 38 2 27 24 31 30 1 17 3 33 44 32 46 14 5 16 4 43 7 29 
Mouv joker:
50 18 13 8 41 37 47 52 19 45 21 49 12 53 48 9 36 35 15 20 51 10 26 22 40 23 42 11 39 6 25 34 54 28 38 2 27 24 31 30 1 17 3 33 44 32 46 14 5 16 4 43 7 29 
Double coupe :
28 38 2 27 24 31 30 1 17 3 33 44 32 46 14 5 16 4 43 7 29 53 48 9 36 35 15 20 51 10 26 22 40 23 42 11 39 6 25 34 54 50 18 13 8 41 37 47 52 19 45 21 49 12 
Simple coupe :
32 46 14 5 16 4 43 7 29 53 48 9 36 35 15 20 51 10 26 22 40 23 42 11 39 6 25 34 54 50 18 13 8 41 37 47 52 19 45 21 49 28 38 2 27 24 31 30 1 17 3 33 44 12 
lettre numero 1
etat deck
32 46 14 5 16 4 43 7 29 53 48 9 36 35 15 20 51 10 26 22 40 23 42 11 39 6 25 34 54 50 18 13 8 41 37 47 52 19 45 21 49 28 38 2 27 24 31 30 1 17 3 33 44 12 
valeur carte au dessus 32
c'est bon lettre trouver pour la clef : 8 de base 8
Mouv joker:
32 46 14 5 16 4 43 7 29 48 53 9 36 35 15 20 51 10 26 22 40 23 42 11 39 6 25 34 54 50 18 13 8 41 37 47 52 19 45 21 49 28 38 2 27 24 31 30 1 17 3 33 44 12 
Mouv joker:
32 46 14 5 16 4 43 7 29 48 53 9 36 35 15 20 51 10 26 22 40 23 42 11 39 6 25 34 50 54 18 13 8 41 37 47 52 19 45 21 49 28 38 2 27 24 31 30 1 17 3 33 44 12 
Mouv joker:
32 46 14 5 16 4 43 7 29 48 53 9 36 35 15 20 51 10 26 22 40 23 42 11 39 6 25 34 50 18 54 13 8 41 37 47 52 19 45 21 49 28 38 2 27 24 31 30 1 17 3 33 44 12 
Double coupe :
13 8 41 37 47 52 19 45 21 49 28 38 2 27 24 31 30 1 17 3 33 44 12 53 9 36 35 15 20 51 10 26 22 40 23 42 11 39 6 25 34 50 18 54 32 46 14 5 16 4 43 7 29 48 
Simple coupe :
16 4 43 7 29 13 8 41 37 47 52 19 45 21 49 28 38 2 27 24 31 30 1 17 3 33 44 12 53 9 36 35 15 20 51 10 26 22 40 23 42 11 39 6 25 34 50 18 54 32 46 14 5 48 
lettre numero 2
etat deck
16 4 43 7 29 13 8 41 37 47 52 19 45 21 49 28 38 2 27 24 31 30 1 17 3 33 44 12 53 9 36 35 15 20 51 10 26 22 40 23 42 11 39 6 25 34 50 18 54 32 46 14 5 48 
valeur carte au dessus 16
c'est bon lettre trouver pour la clef : 12 de base 38
Mouv joker:
16 4 43 7 29 13 8 41 37 47 52 19 45 21 49 28 38 2 27 24 31 30 1 17 3 33 44 12 9 53 36 35 15 20 51 10 26 22 40 23 42 11 39 6 25 34 50 18 54 32 46 14 5 48 
Mouv joker:
16 4 43 7 29 13 8 41 37 47 52 19 45 21 49 28 38 2 27 24 31 30 1 17 3 33 44 12 9 53 36 35 15 20 51 10 26 22 40 23 42 11 39 6 25 34 50 18 32 54 46 14 5 48 
Mouv joker:
16 4 43 7 29 13 8 41 37 47 52 19 45 21 49 28 38 2 27 24 31 30 1 17 3 33 44 12 9 53 36 35 15 20 51 10 26 22 40 23 42 11 39 6 25 34 50 18 32 46 54 14 5 48 
Double coupe :
14 5 48 53 36 35 15 20 51 10 26 22 40 23 42 11 39 6 25 34 50 18 32 46 54 16 4 43 7 29 13 8 41 37 47 52 19 45 21 49 28 38 2 27 24 31 30 1 17 3 33 44 12 9 
Simple coupe :
10 26 22 40 23 42 11 39 6 25 34 50 18 32 46 54 16 4 43 7 29 13 8 41 37 47 52 19 45 21 49 28 38 2 27 24 31 30 1 17 3 33 44 12 14 5 48 53 36 35 15 20 51 9 
lettre numero 3
etat deck
10 26 22 40 23 42 11 39 6 25 34 50 18 32 46 54 16 4 43 7 29 13 8 41 37 47 52 19 45 21 49 28 38 2 27 24 31 30 1 17 3 33 44 12 14 5 48 53 36 35 15 20 51 9 
valeur carte au dessus 10
c'est bon lettre trouver pour la clef : 8 de base 34
La clef :
4 8 12 8 
Tableau ASCII du mot :
mot crypté en ascii
24 13 5 2 
mot crypté : xmeb
mot load :
xmeb
Tableau ASCII du mot :
deck avant décryptage :
12 48 9 36 35 15 20 51 10 26 54 22 29 25 34 28 38 2 27 24 31 30 1 17 3 33 44 32 46 14 5 16 4 43 7 50 18 13 8 41 37 47 52 19 45 21 53 49 40 23 42 11 39 6 
Mouv joker:
12 48 9 36 35 15 20 51 10 26 54 22 29 25 34 28 38 2 27 24 31 30 1 17 3 33 44 32 46 14 5 16 4 43 7 50 18 13 8 41 37 47 52 19 45 21 49 53 40 23 42 11 39 6 
Mouv joker:
12 48 9 36 35 15 20 51 10 26 22 54 29 25 34 28 38 2 27 24 31 30 1 17 3 33 44 32 46 14 5 16 4 43 7 50 18 13 8 41 37 47 52 19 45 21 49 53 40 23 42 11 39 6 
Mouv joker:
12 48 9 36 35 15 20 51 10 26 22 29 54 25 34 28 38 2 27 24 31 30 1 17 3 33 44 32 46 14 5 16 4 43 7 50 18 13 8 41 37 47 52 19 45 21 49 53 40 23 42 11 39 6 
Double coupe :
40 23 42 11 39 6 54 25 34 28 38 2 27 24 31 30 1 17 3 33 44 32 46 14 5 16 4 43 7 50 18 13 8 41 37 47 52 19 45 21 49 53 12 48 9 36 35 15 20 51 10 26 22 29 
Simple coupe :
50 18 13 8 41 37 47 52 19 45 21 49 53 12 48 9 36 35 15 20 51 10 26 22 40 23 42 11 39 6 54 25 34 28 38 2 27 24 31 30 1 17 3 33 44 32 46 14 5 16 4 43 7 29 
debut étape 5
lettre numero 0
etat deck
50 18 13 8 41 37 47 52 19 45 21 49 53 12 48 9 36 35 15 20 51 10 26 22 40 23 42 11 39 6 54 25 34 28 38 2 27 24 31 30 1 17 3 33 44 32 46 14 5 16 4 43 7 29 
valeur carte au dessus 50
c'est bon lettre trouver pour la clef : 4 de base 4
Mouv joker:
50 18 13 8 41 37 47 52 19 45 21 49 12 53 48 9 36 35 15 20 51 10 26 22 40 23 42 11 39 6 54 25 34 28 38 2 27 24 31 30 1 17 3 33 44 32 46 14 5 16 4 43 7 29 
Mouv joker:
50 18 13 8 41 37 47 52 19 45 21 49 12 53 48 9 36 35 15 20 51 10 26 22 40 23 42 11 39 6 25 54 34 28 38 2 27 24 31 30 1 17 3 33 44 32 46 14 5 16 4 43 7 29 
Mouv joker:
50 18 13 8 41 37 47 52 19 45 21 49 12 53 48 9 36 35 15 20 51 10 26 22 40 23 42 11 39 6 25 34 54 28 38 2 27 24 31 30 1 17 3 33 44 32 46 14 5 16 4 43 7 29 
Double coupe :
28 38 2 27 24 31 30 1 17 3 33 44 32 46 14 5 16 4 43 7 29 53 48 9 36 35 15 20 51 10 26 22 40 23 42 11 39 6 25 34 54 50 18 13 8 41 37 47 52 19 45 21 49 12 
Simple coupe :
32 46 14 5 16 4 43 7 29 53 48 9 36 35 15 20 51 10 26 22 40 23 42 11 39 6 25 34 54 50 18 13 8 41 37 47 52 19 45 21 49 28 38 2 27 24 31 30 1 17 3 33 44 12 
lettre numero 1
etat deck
32 46 14 5 16 4 43 7 29 53 48 9 36 35 15 20 51 10 26 22 40 23 42 11 39 6 25 34 54 50 18 13 8 41 37 47 52 19 45 21 49 28 38 2 27 24 31 30 1 17 3 33 44 12 
valeur carte au dessus 32
c'est bon lettre trouver pour la clef : 8 de base 8
Mouv joker:
32 46 14 5 16 4 43 7 29 48 53 9 36 35 15 20 51 10 26 22 40 23 42 11 39 6 25 34 54 50 18 13 8 41 37 47 52 19 45 21 49 28 38 2 27 24 31 30 1 17 3 33 44 12 
Mouv joker:
32 46 14 5 16 4 43 7 29 48 53 9 36 35 15 20 51 10 26 22 40 23 42 11 39 6 25 34 50 54 18 13 8 41 37 47 52 19 45 21 49 28 38 2 27 24 31 30 1 17 3 33 44 12 
Mouv joker:
32 46 14 5 16 4 43 7 29 48 53 9 36 35 15 20 51 10 26 22 40 23 42 11 39 6 25 34 50 18 54 13 8 41 37 47 52 19 45 21 49 28 38 2 27 24 31 30 1 17 3 33 44 12 
Double coupe :
13 8 41 37 47 52 19 45 21 49 28 38 2 27 24 31 30 1 17 3 33 44 12 53 9 36 35 15 20 51 10 26 22 40 23 42 11 39 6 25 34 50 18 54 32 46 14 5 16 4 43 7 29 48 
Simple coupe :
16 4 43 7 29 13 8 41 37 47 52 19 45 21 49 28 38 2 27 24 31 30 1 17 3 33 44 12 53 9 36 35 15 20 51 10 26 22 40 23 42 11 39 6 25 34 50 18 54 32 46 14 5 48 
lettre numero 2
etat deck
16 4 43 7 29 13 8 41 37 47 52 19 45 21 49 28 38 2 27 24 31 30 1 17 3 33 44 12 53 9 36 35 15 20 51 10 26 22 40 23 42 11 39 6 25 34 50 18 54 32 46 14 5 48 
valeur carte au dessus 16
c'est bon lettre trouver pour la clef : 12 de base 38
Mouv joker:
16 4 43 7 29 13 8 41 37 47 52 19 45 21 49 28 38 2 27 24 31 30 1 17 3 33 44 12 9 53 36 35 15 20 51 10 26 22 40 23 42 11 39 6 25 34 50 18 54 32 46 14 5 48 
Mouv joker:
16 4 43 7 29 13 8 41 37 47 52 19 45 21 49 28 38 2 27 24 31 30 1 17 3 33 44 12 9 53 36 35 15 20 51 10 26 22 40 23 42 11 39 6 25 34 50 18 32 54 46 14 5 48 
Mouv joker:
16 4 43 7 29 13 8 41 37 47 52 19 45 21 49 28 38 2 27 24 31 30 1 17 3 33 44 12 9 53 36 35 15 20 51 10 26 22 40 23 42 11 39 6 25 34 50 18 32 46 54 14 5 48 
Double coupe :
14 5 48 53 36 35 15 20 51 10 26 22 40 23 42 11 39 6 25 34 50 18 32 46 54 16 4 43 7 29 13 8 41 37 47 52 19 45 21 49 28 38 2 27 24 31 30 1 17 3 33 44 12 9 
Simple coupe :
10 26 22 40 23 42 11 39 6 25 34 50 18 32 46 54 16 4 43 7 29 13 8 41 37 47 52 19 45 21 49 28 38 2 27 24 31 30 1 17 3 33 44 12 14 5 48 53 36 35 15 20 51 9 
lettre numero 3
etat deck
10 26 22 40 23 42 11 39 6 25 34 50 18 32 46 54 16 4 43 7 29 13 8 41 37 47 52 19 45 21 49 28 38 2 27 24 31 30 1 17 3 33 44 12 14 5 48 53 36 35 15 20 51 9 
valeur carte au dessus 10
c'est bon lettre trouver pour la clef : 8 de base 34
La clef2 :
4 8 12 8 
mot décrypté : test
