Mot à crypté:
zzz
Tableau ASCII du mot :
Mouv joker:
30 4 45 35 16 42 49 48 5 19 18 52 1 38 24 10 43 37 40 14 36 12 20 21 41 53 50 29 11 26 15 7 23 8 28 34 6 3 25 17 9 44 22 2 31 46 39 54 32 47 27 33 51 13 
Mouv joker:
30 4 45 35 16 42 49 48 5 19 18 52 1 38 24 10 43 37 40 14 36 12 20 21 41 53 50 29 11 26 15 7 23 8 28 34 6 3 25 17 9 44 22 2 31 46 39 32 54 47 27 33 51 13 
Mouv joker:
30 4 45 35 16 42 49 48 5 19 18 52 1 38 24 10 43 37 40 14 36 12 20 21 41 53 50 29 11 26 15 7 23 8 28 34 6 3 25 17 9 44 22 2 31 46 39 32 47 54 27 33 51 13 
Double coupe :
27 33 51 13 53 50 29 11 26 15 7 23 8 28 34 6 3 25 17 9 44 22 2 31 46 39 32 47 54 30 4 45 35 16 42 49 48 5 19 18 52 1 38 24 10 43 37 40 14 36 12 20 21 41 
Simple coupe :
1 38 24 10 43 37 40 14 36 12 20 21 27 33 51 13 53 50 29 11 26 15 7 23 8 28 34 6 3 25 17 9 44 22 2 31 46 39 32 47 54 30 4 45 35 16 42 49 48 5 19 18 52 41 
debut étape 5
lettre numero 0
etat deck
1 38 24 10 43 37 40 14 36 12 20 21 27 33 51 13 53 50 29 11 26 15 7 23 8 28 34 6 3 25 17 9 44 22 2 31 46 39 32 47 54 30 4 45 35 16 42 49 48 5 19 18 52 41 
valeur carte au dessus 1
c'est bon lettre trouver pour la clef : 12 de base 38
Mouv joker:
1 38 24 10 43 37 40 14 36 12 20 21 27 33 51 13 50 53 29 11 26 15 7 23 8 28 34 6 3 25 17 9 44 22 2 31 46 39 32 47 54 30 4 45 35 16 42 49 48 5 19 18 52 41 
Mouv joker:
1 38 24 10 43 37 40 14 36 12 20 21 27 33 51 13 50 53 29 11 26 15 7 23 8 28 34 6 3 25 17 9 44 22 2 31 46 39 32 47 30 54 4 45 35 16 42 49 48 5 19 18 52 41 
Mouv joker:
1 38 24 10 43 37 40 14 36 12 20 21 27 33 51 13 50 53 29 11 26 15 7 23 8 28 34 6 3 25 17 9 44 22 2 31 46 39 32 47 30 4 54 45 35 16 42 49 48 5 19 18 52 41 
Double coupe :
45 35 16 42 49 48 5 19 18 52 41 53 29 11 26 15 7 23 8 28 34 6 3 25 17 9 44 22 2 31 46 39 32 47 30 4 54 1 38 24 10 43 37 40 14 36 12 20 21 27 33 51 13 50 
Simple coupe :
33 51 13 45 35 16 42 49 48 5 19 18 52 41 53 29 11 26 15 7 23 8 28 34 6 3 25 17 9 44 22 2 31 46 39 32 47 30 4 54 1 38 24 10 43 37 40 14 36 12 20 21 27 50 
lettre numero 1
etat deck
33 51 13 45 35 16 42 49 48 5 19 18 52 41 53 29 11 26 15 7 23 8 28 34 6 3 25 17 9 44 22 2 31 46 39 32 47 30 4 54 1 38 24 10 43 37 40 14 36 12 20 21 27 50 
valeur carte au dessus 33
c'est bon lettre trouver pour la clef : 20 de base 46
Mouv joker:
33 51 13 45 35 16 42 49 48 5 19 18 52 41 29 53 11 26 15 7 23 8 28 34 6 3 25 17 9 44 22 2 31 46 39 32 47 30 4 54 1 38 24 10 43 37 40 14 36 12 20 21 27 50 
Mouv joker:
33 51 13 45 35 16 42 49 48 5 19 18 52 41 29 53 11 26 15 7 23 8 28 34 6 3 25 17 9 44 22 2 31 46 39 32 47 30 4 1 54 38 24 10 43 37 40 14 36 12 20 21 27 50 
Mouv joker:
33 51 13 45 35 16 42 49 48 5 19 18 52 41 29 53 11 26 15 7 23 8 28 34 6 3 25 17 9 44 22 2 31 46 39 32 47 30 4 1 38 54 24 10 43 37 40 14 36 12 20 21 27 50 
Double coupe :
24 10 43 37 40 14 36 12 20 21 27 50 53 11 26 15 7 23 8 28 34 6 3 25 17 9 44 22 2 31 46 39 32 47 30 4 1 38 54 33 51 13 45 35 16 42 49 48 5 19 18 52 41 29 
Simple coupe :
31 46 39 32 47 30 4 1 38 54 33 51 13 45 35 16 42 49 48 5 19 18 52 41 24 10 43 37 40 14 36 12 20 21 27 50 53 11 26 15 7 23 8 28 34 6 3 25 17 9 44 22 2 29 
lettre numero 2
etat deck
31 46 39 32 47 30 4 1 38 54 33 51 13 45 35 16 42 49 48 5 19 18 52 41 24 10 43 37 40 14 36 12 20 21 27 50 53 11 26 15 7 23 8 28 34 6 3 25 17 9 44 22 2 29 
valeur carte au dessus 31
c'est bon lettre trouver pour la clef : 12 de base 12
La clef :
12 20 12 
mot crypté en ascii
38 46 38 
mot crypté : ???
mot load :
???
Tableau ASCII du mot :
deck avant décryptage :
30 4 45 35 16 42 49 48 5 19 18 52 1 38 24 10 43 37 40 14 36 12 20 21 53 41 50 29 11 26 15 7 23 8 28 34 6 3 25 17 9 44 22 2 31 46 39 54 32 47 27 33 51 13 
Mouv joker:
30 4 45 35 16 42 49 48 5 19 18 52 1 38 24 10 43 37 40 14 36 12 20 21 41 53 50 29 11 26 15 7 23 8 28 34 6 3 25 17 9 44 22 2 31 46 39 54 32 47 27 33 51 13 
Mouv joker:
30 4 45 35 16 42 49 48 5 19 18 52 1 38 24 10 43 37 40 14 36 12 20 21 41 53 50 29 11 26 15 7 23 8 28 34 6 3 25 17 9 44 22 2 31 46 39 32 54 47 27 33 51 13 
Mouv joker:
30 4 45 35 16 42 49 48 5 19 18 52 1 38 24 10 43 37 40 14 36 12 20 21 41 53 50 29 11 26 15 7 23 8 28 34 6 3 25 17 9 44 22 2 31 46 39 32 47 54 27 33 51 13 
Double coupe :
27 33 51 13 53 50 29 11 26 15 7 23 8 28 34 6 3 25 17 9 44 22 2 31 46 39 32 47 54 30 4 45 35 16 42 49 48 5 19 18 52 1 38 24 10 43 37 40 14 36 12 20 21 41 
Simple coupe :
1 38 24 10 43 37 40 14 36 12 20 21 27 33 51 13 53 50 29 11 26 15 7 23 8 28 34 6 3 25 17 9 44 22 2 31 46 39 32 47 54 30 4 45 35 16 42 49 48 5 19 18 52 41 
debut étape 5
lettre numero 0
etat deck
1 38 24 10 43 37 40 14 36 12 20 21 27 33 51 13 53 50 29 11 26 15 7 23 8 28 34 6 3 25 17 9 44 22 2 31 46 39 32 47 54 30 4 45 35 16 42 49 48 5 19 18 52 41 
valeur carte au dessus 1
c'est bon lettre trouver pour la clef : 12 de base 38
Mouv joker:
1 38 24 10 43 37 40 14 36 12 20 21 27 33 51 13 50 53 29 11 26 15 7 23 8 28 34 6 3 25 17 9 44 22 2 31 46 39 32 47 54 30 4 45 35 16 42 49 48 5 19 18 52 41 
Mouv joker:
1 38 24 10 43 37 40 14 36 12 20 21 27 33 51 13 50 53 29 11 26 15 7 23 8 28 34 6 3 25 17 9 44 22 2 31 46 39 32 47 30 54 4 45 35 16 42 49 48 5 19 18 52 41 
Mouv joker:
1 38 24 10 43 37 40 14 36 12 20 21 27 33 51 13 50 53 29 11 26 15 7 23 8 28 34 6 3 25 17 9 44 22 2 31 46 39 32 47 30 4 54 45 35 16 42 49 48 5 19 18 52 41 
Double coupe :
45 35 16 42 49 48 5 19 18 52 41 53 29 11 26 15 7 23 8 28 34 6 3 25 17 9 44 22 2 31 46 39 32 47 30 4 54 1 38 24 10 43 37 40 14 36 12 20 21 27 33 51 13 50 
Simple coupe :
33 51 13 45 35 16 42 49 48 5 19 18 52 41 53 29 11 26 15 7 23 8 28 34 6 3 25 17 9 44 22 2 31 46 39 32 47 30 4 54 1 38 24 10 43 37 40 14 36 12 20 21 27 50 
lettre numero 1
etat deck
33 51 13 45 35 16 42 49 48 5 19 18 52 41 53 29 11 26 15 7 23 8 28 34 6 3 25 17 9 44 22 2 31 46 39 32 47 30 4 54 1 38 24 10 43 37 40 14 36 12 20 21 27 50 
valeur carte au dessus 33
c'est bon lettre trouver pour la clef : 20 de base 46
Mouv joker:
33 51 13 45 35 16 42 49 48 5 19 18 52 41 29 53 11 26 15 7 23 8 28 34 6 3 25 17 9 44 22 2 31 46 39 32 47 30 4 54 1 38 24 10 43 37 40 14 36 12 20 21 27 50 
Mouv joker:
33 51 13 45 35 16 42 49 48 5 19 18 52 41 29 53 11 26 15 7 23 8 28 34 6 3 25 17 9 44 22 2 31 46 39 32 47 30 4 1 54 38 24 10 43 37 40 14 36 12 20 21 27 50 
Mouv joker:
33 51 13 45 35 16 42 49 48 5 19 18 52 41 29 53 11 26 15 7 23 8 28 34 6 3 25 17 9 44 22 2 31 46 39 32 47 30 4 1 38 54 24 10 43 37 40 14 36 12 20 21 27 50 
Double coupe :
24 10 43 37 40 14 36 12 20 21 27 50 53 11 26 15 7 23 8 28 34 6 3 25 17 9 44 22 2 31 46 39 32 47 30 4 1 38 54 33 51 13 45 35 16 42 49 48 5 19 18 52 41 29 
Simple coupe :
31 46 39 32 47 30 4 1 38 54 33 51 13 45 35 16 42 49 48 5 19 18 52 41 24 10 43 37 40 14 36 12 20 21 27 50 53 11 26 15 7 23 8 28 34 6 3 25 17 9 44 22 2 29 
lettre numero 2
etat deck
31 46 39 32 47 30 4 1 38 54 33 51 13 45 35 16 42 49 48 5 19 18 52 41 24 10 43 37 40 14 36 12 20 21 27 50 53 11 26 15 7 23 8 28 34 6 3 25 17 9 44 22 2 29 
valeur carte au dessus 31
c'est bon lettre trouver pour la clef : 12 de base 12
La clef2 :
12 20 12 
mot décrypté : ???
Mot à crypté:
zzzz
Tableau ASCII du mot :
Mouv joker:
54 30 52 21 1 14 9 41 43 12 29 40 35 25 24 31 6 36 13 37 7 50 5 49 15 4 2 20 16 22 38 28 34 46 26 23 45 19 39 33 18 44 47 53 17 32 8 42 27 11 51 48 3 10 
Mouv joker:
30 54 52 21 1 14 9 41 43 12 29 40 35 25 24 31 6 36 13 37 7 50 5 49 15 4 2 20 16 22 38 28 34 46 26 23 45 19 39 33 18 44 47 53 17 32 8 42 27 11 51 48 3 10 
Mouv joker:
30 52 54 21 1 14 9 41 43 12 29 40 35 25 24 31 6 36 13 37 7 50 5 49 15 4 2 20 16 22 38 28 34 46 26 23 45 19 39 33 18 44 47 53 17 32 8 42 27 11 51 48 3 10 
Double coupe :
17 32 8 42 27 11 51 48 3 10 54 21 1 14 9 41 43 12 29 40 35 25 24 31 6 36 13 37 7 50 5 49 15 4 2 20 16 22 38 28 34 46 26 23 45 19 39 33 18 44 47 53 30 52 
Simple coupe :
30 17 32 8 42 27 11 51 48 3 10 54 21 1 14 9 41 43 12 29 40 35 25 24 31 6 36 13 37 7 50 5 49 15 4 2 20 16 22 38 28 34 46 26 23 45 19 39 33 18 44 47 53 52 
debut étape 5
lettre numero 0
etat deck
30 17 32 8 42 27 11 51 48 3 10 54 21 1 14 9 41 43 12 29 40 35 25 24 31 6 36 13 37 7 50 5 49 15 4 2 20 16 22 38 28 34 46 26 23 45 19 39 33 18 44 47 53 52 
valeur carte au dessus 30
c'est bon lettre trouver pour la clef : 24 de base 50
Mouv joker:
30 17 32 8 42 27 11 51 48 3 10 54 21 1 14 9 41 43 12 29 40 35 25 24 31 6 36 13 37 7 50 5 49 15 4 2 20 16 22 38 28 34 46 26 23 45 19 39 33 18 44 47 52 53 
Mouv joker:
30 17 32 8 42 27 11 51 48 3 10 21 54 1 14 9 41 43 12 29 40 35 25 24 31 6 36 13 37 7 50 5 49 15 4 2 20 16 22 38 28 34 46 26 23 45 19 39 33 18 44 47 52 53 
Mouv joker:
30 17 32 8 42 27 11 51 48 3 10 21 1 54 14 9 41 43 12 29 40 35 25 24 31 6 36 13 37 7 50 5 49 15 4 2 20 16 22 38 28 34 46 26 23 45 19 39 33 18 44 47 52 53 
Double coupe :
54 14 9 41 43 12 29 40 35 25 24 31 6 36 13 37 7 50 5 49 15 4 2 20 16 22 38 28 34 46 26 23 45 19 39 33 18 44 47 52 53 30 17 32 8 42 27 11 51 48 3 10 21 1 
Simple coupe :
14 9 41 43 12 29 40 35 25 24 31 6 36 13 37 7 50 5 49 15 4 2 20 16 22 38 28 34 46 26 23 45 19 39 33 18 44 47 52 53 30 17 32 8 42 27 11 51 48 3 10 21 54 1 
lettre numero 1
etat deck
14 9 41 43 12 29 40 35 25 24 31 6 36 13 37 7 50 5 49 15 4 2 20 16 22 38 28 34 46 26 23 45 19 39 33 18 44 47 52 53 30 17 32 8 42 27 11 51 48 3 10 21 54 1 
valeur carte au dessus 14
c'est bon lettre trouver pour la clef : 11 de base 37
Mouv joker:
14 9 41 43 12 29 40 35 25 24 31 6 36 13 37 7 50 5 49 15 4 2 20 16 22 38 28 34 46 26 23 45 19 39 33 18 44 47 52 30 53 17 32 8 42 27 11 51 48 3 10 21 54 1 
Mouv joker:
14 9 41 43 12 29 40 35 25 24 31 6 36 13 37 7 50 5 49 15 4 2 20 16 22 38 28 34 46 26 23 45 19 39 33 18 44 47 52 30 53 17 32 8 42 27 11 51 48 3 10 21 1 54 
Mouv joker:
14 9 54 43 12 29 40 35 25 24 31 6 36 13 37 7 50 5 49 15 4 2 20 16 22 38 28 34 46 26 23 45 19 39 33 18 44 47 52 30 53 17 32 8 42 27 11 51 48 3 10 21 1 41 
Double coupe :
17 32 8 42 27 11 51 48 3 10 21 1 41 54 43 12 29 40 35 25 24 31 6 36 13 37 7 50 5 49 15 4 2 20 16 22 38 28 34 46 26 23 45 19 39 33 18 44 47 52 30 53 14 9 
Simple coupe :
10 21 1 41 54 43 12 29 40 35 25 24 31 6 36 13 37 7 50 5 49 15 4 2 20 16 22 38 28 34 46 26 23 45 19 39 33 18 44 47 52 30 53 14 17 32 8 42 27 11 51 48 3 9 
lettre numero 2
etat deck
10 21 1 41 54 43 12 29 40 35 25 24 31 6 36 13 37 7 50 5 49 15 4 2 20 16 22 38 28 34 46 26 23 45 19 39 33 18 44 47 52 30 53 14 17 32 8 42 27 11 51 48 3 9 
valeur carte au dessus 10
c'est bon lettre trouver pour la clef : 25 de base 25
Mouv joker:
10 21 1 41 54 43 12 29 40 35 25 24 31 6 36 13 37 7 50 5 49 15 4 2 20 16 22 38 28 34 46 26 23 45 19 39 33 18 44 47 52 30 14 53 17 32 8 42 27 11 51 48 3 9 
Mouv joker:
10 21 1 41 43 54 12 29 40 35 25 24 31 6 36 13 37 7 50 5 49 15 4 2 20 16 22 38 28 34 46 26 23 45 19 39 33 18 44 47 52 30 14 53 17 32 8 42 27 11 51 48 3 9 
Mouv joker:
10 21 1 41 43 12 54 29 40 35 25 24 31 6 36 13 37 7 50 5 49 15 4 2 20 16 22 38 28 34 46 26 23 45 19 39 33 18 44 47 52 30 14 53 17 32 8 42 27 11 51 48 3 9 
Double coupe :
17 32 8 42 27 11 51 48 3 9 54 29 40 35 25 24 31 6 36 13 37 7 50 5 49 15 4 2 20 16 22 38 28 34 46 26 23 45 19 39 33 18 44 47 52 30 14 53 10 21 1 41 43 12 
Simple coupe :
40 35 25 24 31 6 36 13 37 7 50 5 49 15 4 2 20 16 22 38 28 34 46 26 23 45 19 39 33 18 44 47 52 30 14 53 10 21 1 41 43 17 32 8 42 27 11 51 48 3 9 54 29 12 
lettre numero 3
etat deck
40 35 25 24 31 6 36 13 37 7 50 5 49 15 4 2 20 16 22 38 28 34 46 26 23 45 19 39 33 18 44 47 52 30 14 53 10 21 1 41 43 17 32 8 42 27 11 51 48 3 9 54 29 12 
valeur carte au dessus 40
c'est bon lettre trouver pour la clef : 17 de base 43
La clef :
24 11 25 17 
mot crypté en ascii
50 37 51 43 
mot crypté : ????
mot load :
????
Tableau ASCII du mot :
deck avant décryptage :
54 30 52 21 1 14 9 41 43 12 29 40 35 25 24 31 6 36 13 37 7 50 5 49 15 4 2 20 16 22 38 28 34 46 26 23 45 19 39 33 18 44 53 47 17 32 8 42 27 11 51 48 3 10 
Mouv joker:
54 30 52 21 1 14 9 41 43 12 29 40 35 25 24 31 6 36 13 37 7 50 5 49 15 4 2 20 16 22 38 28 34 46 26 23 45 19 39 33 18 44 47 53 17 32 8 42 27 11 51 48 3 10 
Mouv joker:
30 54 52 21 1 14 9 41 43 12 29 40 35 25 24 31 6 36 13 37 7 50 5 49 15 4 2 20 16 22 38 28 34 46 26 23 45 19 39 33 18 44 47 53 17 32 8 42 27 11 51 48 3 10 
Mouv joker:
30 52 54 21 1 14 9 41 43 12 29 40 35 25 24 31 6 36 13 37 7 50 5 49 15 4 2 20 16 22 38 28 34 46 26 23 45 19 39 33 18 44 47 53 17 32 8 42 27 11 51 48 3 10 
Double coupe :
17 32 8 42 27 11 51 48 3 10 54 21 1 14 9 41 43 12 29 40 35 25 24 31 6 36 13 37 7 50 5 49 15 4 2 20 16 22 38 28 34 46 26 23 45 19 39 33 18 44 47 53 30 52 
Simple coupe :
30 17 32 8 42 27 11 51 48 3 10 54 21 1 14 9 41 43 12 29 40 35 25 24 31 6 36 13 37 7 50 5 49 15 4 2 20 16 22 38 28 34 46 26 23 45 19 39 33 18 44 47 53 52 
debut étape 5
lettre numero 0
etat deck
30 17 32 8 42 27 11 51 48 3 10 54 21 1 14 9 41 43 12 29 40 35 25 24 31 6 36 13 37 7 50 5 49 15 4 2 20 16 22 38 28 34 46 26 23 45 19 39 33 18 44 47 53 52 
valeur carte au dessus 30
c'est bon lettre trouver pour la clef : 24 de base 50
Mouv joker:
30 17 32 8 42 27 11 51 48 3 10 54 21 1 14 9 41 43 12 29 40 35 25 24 31 6 36 13 37 7 50 5 49 15 4 2 20 16 22 38 28 34 46 26 23 45 19 39 33 18 44 47 52 53 
Mouv joker:
30 17 32 8 42 27 11 51 48 3 10 21 54 1 14 9 41 43 12 29 40 35 25 24 31 6 36 13 37 7 50 5 49 15 4 2 20 16 22 38 28 34 46 26 23 45 19 39 33 18 44 47 52 53 
Mouv joker:
30 17 32 8 42 27 11 51 48 3 10 21 1 54 14 9 41 43 12 29 40 35 25 24 31 6 36 13 37 7 50 5 49 15 4 2 20 16 22 38 28 34 46 26 23 45 19 39 33 18 44 47 52 53 
Double coupe :
54 14 9 41 43 12 29 40 35 25 24 31 6 36 13 37 7 50 5 49 15 4 2 20 16 22 38 28 34 46 26 23 45 19 39 33 18 44 47 52 53 30 17 32 8 42 27 11 51 48 3 10 21 1 
Simple coupe :
14 9 41 43 12 29 40 35 25 24 31 6 36 13 37 7 50 5 49 15 4 2 20 16 22 38 28 34 46 26 23 45 19 39 33 18 44 47 52 53 30 17 32 8 42 27 11 51 48 3 10 21 54 1 
lettre numero 1
etat deck
14 9 41 43 12 29 40 35 25 24 31 6 36 13 37 7 50 5 49 15 4 2 20 16 22 38 28 34 46 26 23 45 19 39 33 18 44 47 52 53 30 17 32 8 42 27 11 51 48 3 10 21 54 1 
valeur carte au dessus 14
c'est bon lettre trouver pour la clef : 11 de base 37
Mouv joker:
14 9 41 43 12 29 40 35 25 24 31 6 36 13 37 7 50 5 49 15 4 2 20 16 22 38 28 34 46 26 23 45 19 39 33 18 44 47 52 30 53 17 32 8 42 27 11 51 48 3 10 21 54 1 
Mouv joker:
14 9 41 43 12 29 40 35 25 24 31 6 36 13 37 7 50 5 49 15 4 2 20 16 22 38 28 34 46 26 23 45 19 39 33 18 44 47 52 30 53 17 32 8 42 27 11 51 48 3 10 21 1 54 
Mouv joker:
14 9 54 43 12 29 40 35 25 24 31 6 36 13 37 7 50 5 49 15 4 2 20 16 22 38 28 34 46 26 23 45 19 39 33 18 44 47 52 30 53 17 32 8 42 27 11 51 48 3 10 21 1 41 
Double coupe :
17 32 8 42 27 11 51 48 3 10 21 1 41 54 43 12 29 40 35 25 24 31 6 36 13 37 7 50 5 49 15 4 2 20 16 22 38 28 34 46 26 23 45 19 39 33 18 44 47 52 30 53 14 9 
Simple coupe :
10 21 1 41 54 43 12 29 40 35 25 24 31 6 36 13 37 7 50 5 49 15 4 2 20 16 22 38 28 34 46 26 23 45 19 39 33 18 44 47 52 30 53 14 17 32 8 42 27 11 51 48 3 9 
lettre numero 2
etat deck
10 21 1 41 54 43 12 29 40 35 25 24 31 6 36 13 37 7 50 5 49 15 4 2 20 16 22 38 28 34 46 26 23 45 19 39 33 18 44 47 52 30 53 14 17 32 8 42 27 11 51 48 3 9 
valeur carte au dessus 10
c'est bon lettre trouver pour la clef : 25 de base 25
Mouv joker:
10 21 1 41 54 43 12 29 40 35 25 24 31 6 36 13 37 7 50 5 49 15 4 2 20 16 22 38 28 34 46 26 23 45 19 39 33 18 44 47 52 30 14 53 17 32 8 42 27 11 51 48 3 9 
Mouv joker:
10 21 1 41 43 54 12 29 40 35 25 24 31 6 36 13 37 7 50 5 49 15 4 2 20 16 22 38 28 34 46 26 23 45 19 39 33 18 44 47 52 30 14 53 17 32 8 42 27 11 51 48 3 9 
Mouv joker:
10 21 1 41 43 12 54 29 40 35 25 24 31 6 36 13 37 7 50 5 49 15 4 2 20 16 22 38 28 34 46 26 23 45 19 39 33 18 44 47 52 30 14 53 17 32 8 42 27 11 51 48 3 9 
Double coupe :
17 32 8 42 27 11 51 48 3 9 54 29 40 35 25 24 31 6 36 13 37 7 50 5 49 15 4 2 20 16 22 38 28 34 46 26 23 45 19 39 33 18 44 47 52 30 14 53 10 21 1 41 43 12 
Simple coupe :
40 35 25 24 31 6 36 13 37 7 50 5 49 15 4 2 20 16 22 38 28 34 46 26 23 45 19 39 33 18 44 47 52 30 14 53 10 21 1 41 43 17 32 8 42 27 11 51 48 3 9 54 29 12 
lettre numero 3
etat deck
40 35 25 24 31 6 36 13 37 7 50 5 49 15 4 2 20 16 22 38 28 34 46 26 23 45 19 39 33 18 44 47 52 30 14 53 10 21 1 41 43 17 32 8 42 27 11 51 48 3 9 54 29 12 
valeur carte au dessus 40
c'est bon lettre trouver pour la clef : 17 de base 43
La clef2 :
24 11 25 17 
mot décrypté : ????
Mot à crypté:
zzzzzzzzzzzzz
Tableau ASCII du mot :
Mouv joker:
32 9 37 52 49 25 45 33 26 38 39 28 15 19 44 40 6 1 27 35 43 24 8 22 47 48 13 3 16 31 2 36 30 41 50 11 42 51 34 46 29 20 17 54 18 5 53 14 23 7 21 4 10 12 
Mouv joker:
32 9 37 52 49 25 45 33 26 38 39 28 15 19 44 40 6 1 27 35 43 24 8 22 47 48 13 3 16 31 2 36 30 41 50 11 42 51 34 46 29 20 17 18 54 5 53 14 23 7 21 4 10 12 
Mouv joker:
32 9 37 52 49 25 45 33 26 38 39 28 15 19 44 40 6 1 27 35 43 24 8 22 47 48 13 3 16 31 2 36 30 41 50 11 42 51 34 46 29 20 17 18 5 54 53 14 23 7 21 4 10 12 
Double coupe :
14 23 7 21 4 10 12 54 53 32 9 37 52 49 25 45 33 26 38 39 28 15 19 44 40 6 1 27 35 43 24 8 22 47 48 13 3 16 31 2 36 30 41 50 11 42 51 34 46 29 20 17 18 5 
Simple coupe :
10 12 54 53 32 9 37 52 49 25 45 33 26 38 39 28 15 19 44 40 6 1 27 35 43 24 8 22 47 48 13 3 16 31 2 36 30 41 50 11 42 51 34 46 29 20 17 18 14 23 7 21 4 5 
debut étape 5
lettre numero 0
etat deck
10 12 54 53 32 9 37 52 49 25 45 33 26 38 39 28 15 19 44 40 6 1 27 35 43 24 8 22 47 48 13 3 16 31 2 36 30 41 50 11 42 51 34 46 29 20 17 18 14 23 7 21 4 5 
valeur carte au dessus 10
c'est bon lettre trouver pour la clef : 19 de base 45
Mouv joker:
10 12 54 32 53 9 37 52 49 25 45 33 26 38 39 28 15 19 44 40 6 1 27 35 43 24 8 22 47 48 13 3 16 31 2 36 30 41 50 11 42 51 34 46 29 20 17 18 14 23 7 21 4 5 
Mouv joker:
10 12 32 54 53 9 37 52 49 25 45 33 26 38 39 28 15 19 44 40 6 1 27 35 43 24 8 22 47 48 13 3 16 31 2 36 30 41 50 11 42 51 34 46 29 20 17 18 14 23 7 21 4 5 
Mouv joker:
10 12 32 53 54 9 37 52 49 25 45 33 26 38 39 28 15 19 44 40 6 1 27 35 43 24 8 22 47 48 13 3 16 31 2 36 30 41 50 11 42 51 34 46 29 20 17 18 14 23 7 21 4 5 
Double coupe :
9 37 52 49 25 45 33 26 38 39 28 15 19 44 40 6 1 27 35 43 24 8 22 47 48 13 3 16 31 2 36 30 41 50 11 42 51 34 46 29 20 17 18 14 23 7 21 4 5 53 54 10 12 32 
Simple coupe :
41 50 11 42 51 34 46 29 20 17 18 14 23 7 21 4 5 53 54 10 12 9 37 52 49 25 45 33 26 38 39 28 15 19 44 40 6 1 27 35 43 24 8 22 47 48 13 3 16 31 2 36 30 32 
lettre numero 1
etat deck
41 50 11 42 51 34 46 29 20 17 18 14 23 7 21 4 5 53 54 10 12 9 37 52 49 25 45 33 26 38 39 28 15 19 44 40 6 1 27 35 43 24 8 22 47 48 13 3 16 31 2 36 30 32 
valeur carte au dessus 41
c'est bon lettre trouver pour la clef : 24 de base 24
Mouv joker:
41 50 11 42 51 34 46 29 20 17 18 14 23 7 21 4 5 54 53 10 12 9 37 52 49 25 45 33 26 38 39 28 15 19 44 40 6 1 27 35 43 24 8 22 47 48 13 3 16 31 2 36 30 32 
Mouv joker:
41 50 11 42 51 34 46 29 20 17 18 14 23 7 21 4 5 53 54 10 12 9 37 52 49 25 45 33 26 38 39 28 15 19 44 40 6 1 27 35 43 24 8 22 47 48 13 3 16 31 2 36 30 32 
Mouv joker:
41 50 11 42 51 34 46 29 20 17 18 14 23 7 21 4 5 53 10 54 12 9 37 52 49 25 45 33 26 38 39 28 15 19 44 40 6 1 27 35 43 24 8 22 47 48 13 3 16 31 2 36 30 32 
Double coupe :
12 9 37 52 49 25 45 33 26 38 39 28 15 19 44 40 6 1 27 35 43 24 8 22 47 48 13 3 16 31 2 36 30 32 53 10 54 41 50 11 42 51 34 46 29 20 17 18 14 23 7 21 4 5 
Simple coupe :
25 45 33 26 38 39 28 15 19 44 40 6 1 27 35 43 24 8 22 47 48 13 3 16 31 2 36 30 32 53 10 54 41 50 11 42 51 34 46 29 20 17 18 14 23 7 21 4 12 9 37 52 49 5 
lettre numero 2
etat deck
25 45 33 26 38 39 28 15 19 44 40 6 1 27 35 43 24 8 22 47 48 13 3 16 31 2 36 30 32 53 10 54 41 50 11 42 51 34 46 29 20 17 18 14 23 7 21 4 12 9 37 52 49 5 
valeur carte au dessus 25
c'est bon lettre trouver pour la clef : 2 de base 2
Mouv joker:
25 45 33 26 38 39 28 15 19 44 40 6 1 27 35 43 24 8 22 47 48 13 3 16 31 2 36 30 32 10 53 54 41 50 11 42 51 34 46 29 20 17 18 14 23 7 21 4 12 9 37 52 49 5 
Mouv joker:
25 45 33 26 38 39 28 15 19 44 40 6 1 27 35 43 24 8 22 47 48 13 3 16 31 2 36 30 32 10 53 41 54 50 11 42 51 34 46 29 20 17 18 14 23 7 21 4 12 9 37 52 49 5 
Mouv joker:
25 45 33 26 38 39 28 15 19 44 40 6 1 27 35 43 24 8 22 47 48 13 3 16 31 2 36 30 32 10 53 41 50 54 11 42 51 34 46 29 20 17 18 14 23 7 21 4 12 9 37 52 49 5 
Double coupe :
11 42 51 34 46 29 20 17 18 14 23 7 21 4 12 9 37 52 49 5 53 41 50 54 25 45 33 26 38 39 28 15 19 44 40 6 1 27 35 43 24 8 22 47 48 13 3 16 31 2 36 30 32 10 
Simple coupe :
23 7 21 4 12 9 37 52 49 5 53 41 50 54 25 45 33 26 38 39 28 15 19 44 40 6 1 27 35 43 24 8 22 47 48 13 3 16 31 2 36 30 32 11 42 51 34 46 29 20 17 18 14 10 
lettre numero 3
etat deck
23 7 21 4 12 9 37 52 49 5 53 41 50 54 25 45 33 26 38 39 28 15 19 44 40 6 1 27 35 43 24 8 22 47 48 13 3 16 31 2 36 30 32 11 42 51 34 46 29 20 17 18 14 10 
valeur carte au dessus 23
c'est bon lettre trouver pour la clef : 18 de base 44
Mouv joker:
23 7 21 4 12 9 37 52 49 5 41 53 50 54 25 45 33 26 38 39 28 15 19 44 40 6 1 27 35 43 24 8 22 47 48 13 3 16 31 2 36 30 32 11 42 51 34 46 29 20 17 18 14 10 
Mouv joker:
23 7 21 4 12 9 37 52 49 5 41 53 50 25 54 45 33 26 38 39 28 15 19 44 40 6 1 27 35 43 24 8 22 47 48 13 3 16 31 2 36 30 32 11 42 51 34 46 29 20 17 18 14 10 
Mouv joker:
23 7 21 4 12 9 37 52 49 5 41 53 50 25 45 54 33 26 38 39 28 15 19 44 40 6 1 27 35 43 24 8 22 47 48 13 3 16 31 2 36 30 32 11 42 51 34 46 29 20 17 18 14 10 
Double coupe :
33 26 38 39 28 15 19 44 40 6 1 27 35 43 24 8 22 47 48 13 3 16 31 2 36 30 32 11 42 51 34 46 29 20 17 18 14 10 53 50 25 45 54 23 7 21 4 12 9 37 52 49 5 41 
Simple coupe :
45 54 23 7 21 4 12 9 37 52 49 5 33 26 38 39 28 15 19 44 40 6 1 27 35 43 24 8 22 47 48 13 3 16 31 2 36 30 32 11 42 51 34 46 29 20 17 18 14 10 53 50 25 41 
lettre numero 4
etat deck
45 54 23 7 21 4 12 9 37 52 49 5 33 26 38 39 28 15 19 44 40 6 1 27 35 43 24 8 22 47 48 13 3 16 31 2 36 30 32 11 42 51 34 46 29 20 17 18 14 10 53 50 25 41 
valeur carte au dessus 45
c'est bon lettre trouver pour la clef : 20 de base 20
Mouv joker:
45 54 23 7 21 4 12 9 37 52 49 5 33 26 38 39 28 15 19 44 40 6 1 27 35 43 24 8 22 47 48 13 3 16 31 2 36 30 32 11 42 51 34 46 29 20 17 18 14 10 50 53 25 41 
Mouv joker:
45 23 54 7 21 4 12 9 37 52 49 5 33 26 38 39 28 15 19 44 40 6 1 27 35 43 24 8 22 47 48 13 3 16 31 2 36 30 32 11 42 51 34 46 29 20 17 18 14 10 50 53 25 41 
Mouv joker:
45 23 7 54 21 4 12 9 37 52 49 5 33 26 38 39 28 15 19 44 40 6 1 27 35 43 24 8 22 47 48 13 3 16 31 2 36 30 32 11 42 51 34 46 29 20 17 18 14 10 50 53 25 41 
Double coupe :
25 41 54 21 4 12 9 37 52 49 5 33 26 38 39 28 15 19 44 40 6 1 27 35 43 24 8 22 47 48 13 3 16 31 2 36 30 32 11 42 51 34 46 29 20 17 18 14 10 50 53 45 23 7 
Simple coupe :
37 52 49 5 33 26 38 39 28 15 19 44 40 6 1 27 35 43 24 8 22 47 48 13 3 16 31 2 36 30 32 11 42 51 34 46 29 20 17 18 14 10 50 53 45 23 25 41 54 21 4 12 9 7 
lettre numero 5
etat deck
37 52 49 5 33 26 38 39 28 15 19 44 40 6 1 27 35 43 24 8 22 47 48 13 3 16 31 2 36 30 32 11 42 51 34 46 29 20 17 18 14 10 50 53 45 23 25 41 54 21 4 12 9 7 
valeur carte au dessus 37
c'est bon lettre trouver pour la clef : 20 de base 20
Mouv joker:
37 52 49 5 33 26 38 39 28 15 19 44 40 6 1 27 35 43 24 8 22 47 48 13 3 16 31 2 36 30 32 11 42 51 34 46 29 20 17 18 14 10 50 45 53 23 25 41 54 21 4 12 9 7 
Mouv joker:
37 52 49 5 33 26 38 39 28 15 19 44 40 6 1 27 35 43 24 8 22 47 48 13 3 16 31 2 36 30 32 11 42 51 34 46 29 20 17 18 14 10 50 45 53 23 25 41 21 54 4 12 9 7 
Mouv joker:
37 52 49 5 33 26 38 39 28 15 19 44 40 6 1 27 35 43 24 8 22 47 48 13 3 16 31 2 36 30 32 11 42 51 34 46 29 20 17 18 14 10 50 45 53 23 25 41 21 4 54 12 9 7 
Double coupe :
12 9 7 53 23 25 41 21 4 54 37 52 49 5 33 26 38 39 28 15 19 44 40 6 1 27 35 43 24 8 22 47 48 13 3 16 31 2 36 30 32 11 42 51 34 46 29 20 17 18 14 10 50 45 
Simple coupe :
46 29 20 17 18 14 10 50 12 9 7 53 23 25 41 21 4 54 37 52 49 5 33 26 38 39 28 15 19 44 40 6 1 27 35 43 24 8 22 47 48 13 3 16 31 2 36 30 32 11 42 51 34 45 
lettre numero 6
etat deck
46 29 20 17 18 14 10 50 12 9 7 53 23 25 41 21 4 54 37 52 49 5 33 26 38 39 28 15 19 44 40 6 1 27 35 43 24 8 22 47 48 13 3 16 31 2 36 30 32 11 42 51 34 45 
valeur carte au dessus 46
c'est bon lettre trouver pour la clef : 10 de base 36
Mouv joker:
46 29 20 17 18 14 10 50 12 9 7 23 53 25 41 21 4 54 37 52 49 5 33 26 38 39 28 15 19 44 40 6 1 27 35 43 24 8 22 47 48 13 3 16 31 2 36 30 32 11 42 51 34 45 
Mouv joker:
46 29 20 17 18 14 10 50 12 9 7 23 53 25 41 21 4 37 54 52 49 5 33 26 38 39 28 15 19 44 40 6 1 27 35 43 24 8 22 47 48 13 3 16 31 2 36 30 32 11 42 51 34 45 
Mouv joker:
46 29 20 17 18 14 10 50 12 9 7 23 53 25 41 21 4 37 52 54 49 5 33 26 38 39 28 15 19 44 40 6 1 27 35 43 24 8 22 47 48 13 3 16 31 2 36 30 32 11 42 51 34 45 
Double coupe :
49 5 33 26 38 39 28 15 19 44 40 6 1 27 35 43 24 8 22 47 48 13 3 16 31 2 36 30 32 11 42 51 34 45 53 25 41 21 4 37 52 54 46 29 20 17 18 14 10 50 12 9 7 23 
Simple coupe :
16 31 2 36 30 32 11 42 51 34 45 53 25 41 21 4 37 52 54 46 29 20 17 18 14 10 50 12 9 7 49 5 33 26 38 39 28 15 19 44 40 6 1 27 35 43 24 8 22 47 48 13 3 23 
lettre numero 7
etat deck
16 31 2 36 30 32 11 42 51 34 45 53 25 41 21 4 37 52 54 46 29 20 17 18 14 10 50 12 9 7 49 5 33 26 38 39 28 15 19 44 40 6 1 27 35 43 24 8 22 47 48 13 3 23 
valeur carte au dessus 16
c'est bon lettre trouver pour la clef : 11 de base 37
Mouv joker:
16 31 2 36 30 32 11 42 51 34 45 25 53 41 21 4 37 52 54 46 29 20 17 18 14 10 50 12 9 7 49 5 33 26 38 39 28 15 19 44 40 6 1 27 35 43 24 8 22 47 48 13 3 23 
Mouv joker:
16 31 2 36 30 32 11 42 51 34 45 25 53 41 21 4 37 52 46 54 29 20 17 18 14 10 50 12 9 7 49 5 33 26 38 39 28 15 19 44 40 6 1 27 35 43 24 8 22 47 48 13 3 23 
Mouv joker:
16 31 2 36 30 32 11 42 51 34 45 25 53 41 21 4 37 52 46 29 54 20 17 18 14 10 50 12 9 7 49 5 33 26 38 39 28 15 19 44 40 6 1 27 35 43 24 8 22 47 48 13 3 23 
Double coupe :
20 17 18 14 10 50 12 9 7 49 5 33 26 38 39 28 15 19 44 40 6 1 27 35 43 24 8 22 47 48 13 3 23 53 41 21 4 37 52 46 29 54 16 31 2 36 30 32 11 42 51 34 45 25 
Simple coupe :
24 8 22 47 48 13 3 23 53 41 21 4 37 52 46 29 54 16 31 2 36 30 32 11 42 51 34 45 20 17 18 14 10 50 12 9 7 49 5 33 26 38 39 28 15 19 44 40 6 1 27 35 43 25 
lettre numero 8
etat deck
24 8 22 47 48 13 3 23 53 41 21 4 37 52 46 29 54 16 31 2 36 30 32 11 42 51 34 45 20 17 18 14 10 50 12 9 7 49 5 33 26 38 39 28 15 19 44 40 6 1 27 35 43 25 
valeur carte au dessus 24
c'est bon lettre trouver pour la clef : 16 de base 42
Mouv joker:
24 8 22 47 48 13 3 23 41 53 21 4 37 52 46 29 54 16 31 2 36 30 32 11 42 51 34 45 20 17 18 14 10 50 12 9 7 49 5 33 26 38 39 28 15 19 44 40 6 1 27 35 43 25 
Mouv joker:
24 8 22 47 48 13 3 23 41 53 21 4 37 52 46 29 16 54 31 2 36 30 32 11 42 51 34 45 20 17 18 14 10 50 12 9 7 49 5 33 26 38 39 28 15 19 44 40 6 1 27 35 43 25 
Mouv joker:
24 8 22 47 48 13 3 23 41 53 21 4 37 52 46 29 16 31 54 2 36 30 32 11 42 51 34 45 20 17 18 14 10 50 12 9 7 49 5 33 26 38 39 28 15 19 44 40 6 1 27 35 43 25 
Double coupe :
2 36 30 32 11 42 51 34 45 20 17 18 14 10 50 12 9 7 49 5 33 26 38 39 28 15 19 44 40 6 1 27 35 43 25 53 21 4 37 52 46 29 16 31 54 24 8 22 47 48 13 3 23 41 
Simple coupe :
29 16 31 54 24 8 22 47 48 13 3 23 2 36 30 32 11 42 51 34 45 20 17 18 14 10 50 12 9 7 49 5 33 26 38 39 28 15 19 44 40 6 1 27 35 43 25 53 21 4 37 52 46 41 
lettre numero 9
etat deck
29 16 31 54 24 8 22 47 48 13 3 23 2 36 30 32 11 42 51 34 45 20 17 18 14 10 50 12 9 7 49 5 33 26 38 39 28 15 19 44 40 6 1 27 35 43 25 53 21 4 37 52 46 41 
valeur carte au dessus 29
c'est bon lettre trouver pour la clef : 7 de base 7
Mouv joker:
29 16 31 54 24 8 22 47 48 13 3 23 2 36 30 32 11 42 51 34 45 20 17 18 14 10 50 12 9 7 49 5 33 26 38 39 28 15 19 44 40 6 1 27 35 43 25 21 53 4 37 52 46 41 
Mouv joker:
29 16 31 24 54 8 22 47 48 13 3 23 2 36 30 32 11 42 51 34 45 20 17 18 14 10 50 12 9 7 49 5 33 26 38 39 28 15 19 44 40 6 1 27 35 43 25 21 53 4 37 52 46 41 
Mouv joker:
29 16 31 24 8 54 22 47 48 13 3 23 2 36 30 32 11 42 51 34 45 20 17 18 14 10 50 12 9 7 49 5 33 26 38 39 28 15 19 44 40 6 1 27 35 43 25 21 53 4 37 52 46 41 
Double coupe :
4 37 52 46 41 54 22 47 48 13 3 23 2 36 30 32 11 42 51 34 45 20 17 18 14 10 50 12 9 7 49 5 33 26 38 39 28 15 19 44 40 6 1 27 35 43 25 21 53 29 16 31 24 8 
Simple coupe :
48 13 3 23 2 36 30 32 11 42 51 34 45 20 17 18 14 10 50 12 9 7 49 5 33 26 38 39 28 15 19 44 40 6 1 27 35 43 25 21 53 29 16 31 24 4 37 52 46 41 54 22 47 8 
lettre numero 10
etat deck
48 13 3 23 2 36 30 32 11 42 51 34 45 20 17 18 14 10 50 12 9 7 49 5 33 26 38 39 28 15 19 44 40 6 1 27 35 43 25 21 53 29 16 31 24 4 37 52 46 41 54 22 47 8 
valeur carte au dessus 48
c'est bon lettre trouver pour la clef : 20 de base 46
Mouv joker:
48 13 3 23 2 36 30 32 11 42 51 34 45 20 17 18 14 10 50 12 9 7 49 5 33 26 38 39 28 15 19 44 40 6 1 27 35 43 25 21 29 53 16 31 24 4 37 52 46 41 54 22 47 8 
Mouv joker:
48 13 3 23 2 36 30 32 11 42 51 34 45 20 17 18 14 10 50 12 9 7 49 5 33 26 38 39 28 15 19 44 40 6 1 27 35 43 25 21 29 53 16 31 24 4 37 52 46 41 22 54 47 8 
Mouv joker:
48 13 3 23 2 36 30 32 11 42 51 34 45 20 17 18 14 10 50 12 9 7 49 5 33 26 38 39 28 15 19 44 40 6 1 27 35 43 25 21 29 53 16 31 24 4 37 52 46 41 22 47 54 8 
Double coupe :
8 53 16 31 24 4 37 52 46 41 22 47 54 48 13 3 23 2 36 30 32 11 42 51 34 45 20 17 18 14 10 50 12 9 7 49 5 33 26 38 39 28 15 19 44 40 6 1 27 35 43 25 21 29 
Simple coupe :
14 10 50 12 9 7 49 5 33 26 38 39 28 15 19 44 40 6 1 27 35 43 25 21 8 53 16 31 24 4 37 52 46 41 22 47 54 48 13 3 23 2 36 30 32 11 42 51 34 45 20 17 18 29 
lettre numero 11
etat deck
14 10 50 12 9 7 49 5 33 26 38 39 28 15 19 44 40 6 1 27 35 43 25 21 8 53 16 31 24 4 37 52 46 41 22 47 54 48 13 3 23 2 36 30 32 11 42 51 34 45 20 17 18 29 
valeur carte au dessus 14
c'est bon lettre trouver pour la clef : 19 de base 19
Mouv joker:
14 10 50 12 9 7 49 5 33 26 38 39 28 15 19 44 40 6 1 27 35 43 25 21 8 16 53 31 24 4 37 52 46 41 22 47 54 48 13 3 23 2 36 30 32 11 42 51 34 45 20 17 18 29 
Mouv joker:
14 10 50 12 9 7 49 5 33 26 38 39 28 15 19 44 40 6 1 27 35 43 25 21 8 16 53 31 24 4 37 52 46 41 22 47 48 54 13 3 23 2 36 30 32 11 42 51 34 45 20 17 18 29 
Mouv joker:
14 10 50 12 9 7 49 5 33 26 38 39 28 15 19 44 40 6 1 27 35 43 25 21 8 16 53 31 24 4 37 52 46 41 22 47 48 13 54 3 23 2 36 30 32 11 42 51 34 45 20 17 18 29 
Double coupe :
3 23 2 36 30 32 11 42 51 34 45 20 17 18 29 53 31 24 4 37 52 46 41 22 47 48 13 54 14 10 50 12 9 7 49 5 33 26 38 39 28 15 19 44 40 6 1 27 35 43 25 21 8 16 
Simple coupe :
31 24 4 37 52 46 41 22 47 48 13 54 14 10 50 12 9 7 49 5 33 26 38 39 28 15 19 44 40 6 1 27 35 43 25 21 8 3 23 2 36 30 32 11 42 51 34 45 20 17 18 29 53 16 
lettre numero 12
etat deck
31 24 4 37 52 46 41 22 47 48 13 54 14 10 50 12 9 7 49 5 33 26 38 39 28 15 19 44 40 6 1 27 35 43 25 21 8 3 23 2 36 30 32 11 42 51 34 45 20 17 18 29 53 16 
valeur carte au dessus 31
c'est bon lettre trouver pour la clef : 1 de base 27
La clef :
19 24 2 18 20 20 10 11 16 7 20 19 1 
mot crypté en ascii
19 24 2 18 20 20 10 11 16 7 20 19 1 
mot crypté : sxbrttjkpgtsa
mot load :
sxbrttjkpgtsa
Tableau ASCII du mot :
deck avant décryptage :
32 9 37 52 49 25 45 33 26 38 39 28 15 19 44 40 6 1 27 35 43 24 8 22 47 48 13 3 16 31 2 36 30 41 50 11 42 51 34 46 29 20 17 54 18 53 5 14 23 7 21 4 10 12 
Mouv joker:
32 9 37 52 49 25 45 33 26 38 39 28 15 19 44 40 6 1 27 35 43 24 8 22 47 48 13 3 16 31 2 36 30 41 50 11 42 51 34 46 29 20 17 54 18 5 53 14 23 7 21 4 10 12 
Mouv joker:
32 9 37 52 49 25 45 33 26 38 39 28 15 19 44 40 6 1 27 35 43 24 8 22 47 48 13 3 16 31 2 36 30 41 50 11 42 51 34 46 29 20 17 18 54 5 53 14 23 7 21 4 10 12 
Mouv joker:
32 9 37 52 49 25 45 33 26 38 39 28 15 19 44 40 6 1 27 35 43 24 8 22 47 48 13 3 16 31 2 36 30 41 50 11 42 51 34 46 29 20 17 18 5 54 53 14 23 7 21 4 10 12 
Double coupe :
14 23 7 21 4 10 12 54 53 32 9 37 52 49 25 45 33 26 38 39 28 15 19 44 40 6 1 27 35 43 24 8 22 47 48 13 3 16 31 2 36 30 41 50 11 42 51 34 46 29 20 17 18 5 
Simple coupe :
10 12 54 53 32 9 37 52 49 25 45 33 26 38 39 28 15 19 44 40 6 1 27 35 43 24 8 22 47 48 13 3 16 31 2 36 30 41 50 11 42 51 34 46 29 20 17 18 14 23 7 21 4 5 
debut étape 5
lettre numero 0
etat deck
10 12 54 53 32 9 37 52 49 25 45 33 26 38 39 28 15 19 44 40 6 1 27 35 43 24 8 22 47 48 13 3 16 31 2 36 30 41 50 11 42 51 34 46 29 20 17 18 14 23 7 21 4 5 
valeur carte au dessus 10
c'est bon lettre trouver pour la clef : 19 de base 45
Mouv joker:
10 12 54 32 53 9 37 52 49 25 45 33 26 38 39 28 15 19 44 40 6 1 27 35 43 24 8 22 47 48 13 3 16 31 2 36 30 41 50 11 42 51 34 46 29 20 17 18 14 23 7 21 4 5 
Mouv joker:
10 12 32 54 53 9 37 52 49 25 45 33 26 38 39 28 15 19 44 40 6 1 27 35 43 24 8 22 47 48 13 3 16 31 2 36 30 41 50 11 42 51 34 46 29 20 17 18 14 23 7 21 4 5 
Mouv joker:
10 12 32 53 54 9 37 52 49 25 45 33 26 38 39 28 15 19 44 40 6 1 27 35 43 24 8 22 47 48 13 3 16 31 2 36 30 41 50 11 42 51 34 46 29 20 17 18 14 23 7 21 4 5 
Double coupe :
9 37 52 49 25 45 33 26 38 39 28 15 19 44 40 6 1 27 35 43 24 8 22 47 48 13 3 16 31 2 36 30 41 50 11 42 51 34 46 29 20 17 18 14 23 7 21 4 5 53 54 10 12 32 
Simple coupe :
41 50 11 42 51 34 46 29 20 17 18 14 23 7 21 4 5 53 54 10 12 9 37 52 49 25 45 33 26 38 39 28 15 19 44 40 6 1 27 35 43 24 8 22 47 48 13 3 16 31 2 36 30 32 
lettre numero 1
etat deck
41 50 11 42 51 34 46 29 20 17 18 14 23 7 21 4 5 53 54 10 12 9 37 52 49 25 45 33 26 38 39 28 15 19 44 40 6 1 27 35 43 24 8 22 47 48 13 3 16 31 2 36 30 32 
valeur carte au dessus 41
c'est bon lettre trouver pour la clef : 24 de base 24
Mouv joker:
41 50 11 42 51 34 46 29 20 17 18 14 23 7 21 4 5 54 53 10 12 9 37 52 49 25 45 33 26 38 39 28 15 19 44 40 6 1 27 35 43 24 8 22 47 48 13 3 16 31 2 36 30 32 
Mouv joker:
41 50 11 42 51 34 46 29 20 17 18 14 23 7 21 4 5 53 54 10 12 9 37 52 49 25 45 33 26 38 39 28 15 19 44 40 6 1 27 35 43 24 8 22 47 48 13 3 16 31 2 36 30 32 
Mouv joker:
41 50 11 42 51 34 46 29 20 17 18 14 23 7 21 4 5 53 10 54 12 9 37 52 49 25 45 33 26 38 39 28 15 19 44 40 6 1 27 35 43 24 8 22 47 48 13 3 16 31 2 36 30 32 
Double coupe :
12 9 37 52 49 25 45 33 26 38 39 28 15 19 44 40 6 1 27 35 43 24 8 22 47 48 13 3 16 31 2 36 30 32 53 10 54 41 50 11 42 51 34 46 29 20 17 18 14 23 7 21 4 5 
Simple coupe :
25 45 33 26 38 39 28 15 19 44 40 6 1 27 35 43 24 8 22 47 48 13 3 16 31 2 36 30 32 53 10 54 41 50 11 42 51 34 46 29 20 17 18 14 23 7 21 4 12 9 37 52 49 5 
lettre numero 2
etat deck
25 45 33 26 38 39 28 15 19 44 40 6 1 27 35 43 24 8 22 47 48 13 3 16 31 2 36 30 32 53 10 54 41 50 11 42 51 34 46 29 20 17 18 14 23 7 21 4 12 9 37 52 49 5 
valeur carte au dessus 25
c'est bon lettre trouver pour la clef : 2 de base 2
Mouv joker:
25 45 33 26 38 39 28 15 19 44 40 6 1 27 35 43 24 8 22 47 48 13 3 16 31 2 36 30 32 10 53 54 41 50 11 42 51 34 46 29 20 17 18 14 23 7 21 4 12 9 37 52 49 5 
Mouv joker:
25 45 33 26 38 39 28 15 19 44 40 6 1 27 35 43 24 8 22 47 48 13 3 16 31 2 36 30 32 10 53 41 54 50 11 42 51 34 46 29 20 17 18 14 23 7 21 4 12 9 37 52 49 5 
Mouv joker:
25 45 33 26 38 39 28 15 19 44 40 6 1 27 35 43 24 8 22 47 48 13 3 16 31 2 36 30 32 10 53 41 50 54 11 42 51 34 46 29 20 17 18 14 23 7 21 4 12 9 37 52 49 5 
Double coupe :
11 42 51 34 46 29 20 17 18 14 23 7 21 4 12 9 37 52 49 5 53 41 50 54 25 45 33 26 38 39 28 15 19 44 40 6 1 27 35 43 24 8 22 47 48 13 3 16 31 2 36 30 32 10 
Simple coupe :
23 7 21 4 12 9 37 52 49 5 53 41 50 54 25 45 33 26 38 39 28 15 19 44 40 6 1 27 35 43 24 8 22 47 48 13 3 16 31 2 36 30 32 11 42 51 34 46 29 20 17 18 14 10 
lettre numero 3
etat deck
23 7 21 4 12 9 37 52 49 5 53 41 50 54 25 45 33 26 38 39 28 15 19 44 40 6 1 27 35 43 24 8 22 47 48 13 3 16 31 2 36 30 32 11 42 51 34 46 29 20 17 18 14 10 
valeur carte au dessus 23
c'est bon lettre trouver pour la clef : 18 de base 44
Mouv joker:
23 7 21 4 12 9 37 52 49 5 41 53 50 54 25 45 33 26 38 39 28 15 19 44 40 6 1 27 35 43 24 8 22 47 48 13 3 16 31 2 36 30 32 11 42 51 34 46 29 20 17 18 14 10 
Mouv joker:
23 7 21 4 12 9 37 52 49 5 41 53 50 25 54 45 33 26 38 39 28 15 19 44 40 6 1 27 35 43 24 8 22 47 48 13 3 16 31 2 36 30 32 11 42 51 34 46 29 20 17 18 14 10 
Mouv joker:
23 7 21 4 12 9 37 52 49 5 41 53 50 25 45 54 33 26 38 39 28 15 19 44 40 6 1 27 35 43 24 8 22 47 48 13 3 16 31 2 36 30 32 11 42 51 34 46 29 20 17 18 14 10 
Double coupe :
33 26 38 39 28 15 19 44 40 6 1 27 35 43 24 8 22 47 48 13 3 16 31 2 36 30 32 11 42 51 34 46 29 20 17 18 14 10 53 50 25 45 54 23 7 21 4 12 9 37 52 49 5 41 
Simple coupe :
45 54 23 7 21 4 12 9 37 52 49 5 33 26 38 39 28 15 19 44 40 6 1 27 35 43 24 8 22 47 48 13 3 16 31 2 36 30 32 11 42 51 34 46 29 20 17 18 14 10 53 50 25 41 
lettre numero 4
etat deck
45 54 23 7 21 4 12 9 37 52 49 5 33 26 38 39 28 15 19 44 40 6 1 27 35 43 24 8 22 47 48 13 3 16 31 2 36 30 32 11 42 51 34 46 29 20 17 18 14 10 53 50 25 41 
valeur carte au dessus 45
c'est bon lettre trouver pour la clef : 20 de base 20
Mouv joker:
45 54 23 7 21 4 12 9 37 52 49 5 33 26 38 39 28 15 19 44 40 6 1 27 35 43 24 8 22 47 48 13 3 16 31 2 36 30 32 11 42 51 34 46 29 20 17 18 14 10 50 53 25 41 
Mouv joker:
45 23 54 7 21 4 12 9 37 52 49 5 33 26 38 39 28 15 19 44 40 6 1 27 35 43 24 8 22 47 48 13 3 16 31 2 36 30 32 11 42 51 34 46 29 20 17 18 14 10 50 53 25 41 
Mouv joker:
45 23 7 54 21 4 12 9 37 52 49 5 33 26 38 39 28 15 19 44 40 6 1 27 35 43 24 8 22 47 48 13 3 16 31 2 36 30 32 11 42 51 34 46 29 20 17 18 14 10 50 53 25 41 
Double coupe :
25 41 54 21 4 12 9 37 52 49 5 33 26 38 39 28 15 19 44 40 6 1 27 35 43 24 8 22 47 48 13 3 16 31 2 36 30 32 11 42 51 34 46 29 20 17 18 14 10 50 53 45 23 7 
Simple coupe :
37 52 49 5 33 26 38 39 28 15 19 44 40 6 1 27 35 43 24 8 22 47 48 13 3 16 31 2 36 30 32 11 42 51 34 46 29 20 17 18 14 10 50 53 45 23 25 41 54 21 4 12 9 7 
lettre numero 5
etat deck
37 52 49 5 33 26 38 39 28 15 19 44 40 6 1 27 35 43 24 8 22 47 48 13 3 16 31 2 36 30 32 11 42 51 34 46 29 20 17 18 14 10 50 53 45 23 25 41 54 21 4 12 9 7 
valeur carte au dessus 37
c'est bon lettre trouver pour la clef : 20 de base 20
Mouv joker:
37 52 49 5 33 26 38 39 28 15 19 44 40 6 1 27 35 43 24 8 22 47 48 13 3 16 31 2 36 30 32 11 42 51 34 46 29 20 17 18 14 10 50 45 53 23 25 41 54 21 4 12 9 7 
Mouv joker:
37 52 49 5 33 26 38 39 28 15 19 44 40 6 1 27 35 43 24 8 22 47 48 13 3 16 31 2 36 30 32 11 42 51 34 46 29 20 17 18 14 10 50 45 53 23 25 41 21 54 4 12 9 7 
Mouv joker:
37 52 49 5 33 26 38 39 28 15 19 44 40 6 1 27 35 43 24 8 22 47 48 13 3 16 31 2 36 30 32 11 42 51 34 46 29 20 17 18 14 10 50 45 53 23 25 41 21 4 54 12 9 7 
Double coupe :
12 9 7 53 23 25 41 21 4 54 37 52 49 5 33 26 38 39 28 15 19 44 40 6 1 27 35 43 24 8 22 47 48 13 3 16 31 2 36 30 32 11 42 51 34 46 29 20 17 18 14 10 50 45 
Simple coupe :
46 29 20 17 18 14 10 50 12 9 7 53 23 25 41 21 4 54 37 52 49 5 33 26 38 39 28 15 19 44 40 6 1 27 35 43 24 8 22 47 48 13 3 16 31 2 36 30 32 11 42 51 34 45 
lettre numero 6
etat deck
46 29 20 17 18 14 10 50 12 9 7 53 23 25 41 21 4 54 37 52 49 5 33 26 38 39 28 15 19 44 40 6 1 27 35 43 24 8 22 47 48 13 3 16 31 2 36 30 32 11 42 51 34 45 
valeur carte au dessus 46
c'est bon lettre trouver pour la clef : 10 de base 36
Mouv joker:
46 29 20 17 18 14 10 50 12 9 7 23 53 25 41 21 4 54 37 52 49 5 33 26 38 39 28 15 19 44 40 6 1 27 35 43 24 8 22 47 48 13 3 16 31 2 36 30 32 11 42 51 34 45 
Mouv joker:
46 29 20 17 18 14 10 50 12 9 7 23 53 25 41 21 4 37 54 52 49 5 33 26 38 39 28 15 19 44 40 6 1 27 35 43 24 8 22 47 48 13 3 16 31 2 36 30 32 11 42 51 34 45 
Mouv joker:
46 29 20 17 18 14 10 50 12 9 7 23 53 25 41 21 4 37 52 54 49 5 33 26 38 39 28 15 19 44 40 6 1 27 35 43 24 8 22 47 48 13 3 16 31 2 36 30 32 11 42 51 34 45 
Double coupe :
49 5 33 26 38 39 28 15 19 44 40 6 1 27 35 43 24 8 22 47 48 13 3 16 31 2 36 30 32 11 42 51 34 45 53 25 41 21 4 37 52 54 46 29 20 17 18 14 10 50 12 9 7 23 
Simple coupe :
16 31 2 36 30 32 11 42 51 34 45 53 25 41 21 4 37 52 54 46 29 20 17 18 14 10 50 12 9 7 49 5 33 26 38 39 28 15 19 44 40 6 1 27 35 43 24 8 22 47 48 13 3 23 
lettre numero 7
etat deck
16 31 2 36 30 32 11 42 51 34 45 53 25 41 21 4 37 52 54 46 29 20 17 18 14 10 50 12 9 7 49 5 33 26 38 39 28 15 19 44 40 6 1 27 35 43 24 8 22 47 48 13 3 23 
valeur carte au dessus 16
c'est bon lettre trouver pour la clef : 11 de base 37
Mouv joker:
16 31 2 36 30 32 11 42 51 34 45 25 53 41 21 4 37 52 54 46 29 20 17 18 14 10 50 12 9 7 49 5 33 26 38 39 28 15 19 44 40 6 1 27 35 43 24 8 22 47 48 13 3 23 
Mouv joker:
16 31 2 36 30 32 11 42 51 34 45 25 53 41 21 4 37 52 46 54 29 20 17 18 14 10 50 12 9 7 49 5 33 26 38 39 28 15 19 44 40 6 1 27 35 43 24 8 22 47 48 13 3 23 
Mouv joker:
16 31 2 36 30 32 11 42 51 34 45 25 53 41 21 4 37 52 46 29 54 20 17 18 14 10 50 12 9 7 49 5 33 26 38 39 28 15 19 44 40 6 1 27 35 43 24 8 22 47 48 13 3 23 
Double coupe :
20 17 18 14 10 50 12 9 7 49 5 33 26 38 39 28 15 19 44 40 6 1 27 35 43 24 8 22 47 48 13 3 23 53 41 21 4 37 52 46 29 54 16 31 2 36 30 32 11 42 51 34 45 25 
Simple coupe :
24 8 22 47 48 13 3 23 53 41 21 4 37 52 46 29 54 16 31 2 36 30 32 11 42 51 34 45 20 17 18 14 10 50 12 9 7 49 5 33 26 38 39 28 15 19 44 40 6 1 27 35 43 25 
lettre numero 8
etat deck
24 8 22 47 48 13 3 23 53 41 21 4 37 52 46 29 54 16 31 2 36 30 32 11 42 51 34 45 20 17 18 14 10 50 12 9 7 49 5 33 26 38 39 28 15 19 44 40 6 1 27 35 43 25 
valeur carte au dessus 24
c'est bon lettre trouver pour la clef : 16 de base 42
Mouv joker:
24 8 22 47 48 13 3 23 41 53 21 4 37 52 46 29 54 16 31 2 36 30 32 11 42 51 34 45 20 17 18 14 10 50 12 9 7 49 5 33 26 38 39 28 15 19 44 40 6 1 27 35 43 25 
Mouv joker:
24 8 22 47 48 13 3 23 41 53 21 4 37 52 46 29 16 54 31 2 36 30 32 11 42 51 34 45 20 17 18 14 10 50 12 9 7 49 5 33 26 38 39 28 15 19 44 40 6 1 27 35 43 25 
Mouv joker:
24 8 22 47 48 13 3 23 41 53 21 4 37 52 46 29 16 31 54 2 36 30 32 11 42 51 34 45 20 17 18 14 10 50 12 9 7 49 5 33 26 38 39 28 15 19 44 40 6 1 27 35 43 25 
Double coupe :
2 36 30 32 11 42 51 34 45 20 17 18 14 10 50 12 9 7 49 5 33 26 38 39 28 15 19 44 40 6 1 27 35 43 25 53 21 4 37 52 46 29 16 31 54 24 8 22 47 48 13 3 23 41 
Simple coupe :
29 16 31 54 24 8 22 47 48 13 3 23 2 36 30 32 11 42 51 34 45 20 17 18 14 10 50 12 9 7 49 5 33 26 38 39 28 15 19 44 40 6 1 27 35 43 25 53 21 4 37 52 46 41 
lettre numero 9
etat deck
29 16 31 54 24 8 22 47 48 13 3 23 2 36 30 32 11 42 51 34 45 20 17 18 14 10 50 12 9 7 49 5 33 26 38 39 28 15 19 44 40 6 1 27 35 43 25 53 21 4 37 52 46 41 
valeur carte au dessus 29
c'est bon lettre trouver pour la clef : 7 de base 7
Mouv joker:
29 16 31 54 24 8 22 47 48 13 3 23 2 36 30 32 11 42 51 34 45 20 17 18 14 10 50 12 9 7 49 5 33 26 38 39 28 15 19 44 40 6 1 27 35 43 25 21 53 4 37 52 46 41 
Mouv joker:
29 16 31 24 54 8 22 47 48 13 3 23 2 36 30 32 11 42 51 34 45 20 17 18 14 10 50 12 9 7 49 5 33 26 38 39 28 15 19 44 40 6 1 27 35 43 25 21 53 4 37 52 46 41 
Mouv joker:
29 16 31 24 8 54 22 47 48 13 3 23 2 36 30 32 11 42 51 34 45 20 17 18 14 10 50 12 9 7 49 5 33 26 38 39 28 15 19 44 40 6 1 27 35 43 25 21 53 4 37 52 46 41 
Double coupe :
4 37 52 46 41 54 22 47 48 13 3 23 2 36 30 32 11 42 51 34 45 20 17 18 14 10 50 12 9 7 49 5 33 26 38 39 28 15 19 44 40 6 1 27 35 43 25 21 53 29 16 31 24 8 
Simple coupe :
48 13 3 23 2 36 30 32 11 42 51 34 45 20 17 18 14 10 50 12 9 7 49 5 33 26 38 39 28 15 19 44 40 6 1 27 35 43 25 21 53 29 16 31 24 4 37 52 46 41 54 22 47 8 
lettre numero 10
etat deck
48 13 3 23 2 36 30 32 11 42 51 34 45 20 17 18 14 10 50 12 9 7 49 5 33 26 38 39 28 15 19 44 40 6 1 27 35 43 25 21 53 29 16 31 24 4 37 52 46 41 54 22 47 8 
valeur carte au dessus 48
c'est bon lettre trouver pour la clef : 20 de base 46
Mouv joker:
48 13 3 23 2 36 30 32 11 42 51 34 45 20 17 18 14 10 50 12 9 7 49 5 33 26 38 39 28 15 19 44 40 6 1 27 35 43 25 21 29 53 16 31 24 4 37 52 46 41 54 22 47 8 
Mouv joker:
48 13 3 23 2 36 30 32 11 42 51 34 45 20 17 18 14 10 50 12 9 7 49 5 33 26 38 39 28 15 19 44 40 6 1 27 35 43 25 21 29 53 16 31 24 4 37 52 46 41 22 54 47 8 
Mouv joker:
48 13 3 23 2 36 30 32 11 42 51 34 45 20 17 18 14 10 50 12 9 7 49 5 33 26 38 39 28 15 19 44 40 6 1 27 35 43 25 21 29 53 16 31 24 4 37 52 46 41 22 47 54 8 
Double coupe :
8 53 16 31 24 4 37 52 46 41 22 47 54 48 13 3 23 2 36 30 32 11 42 51 34 45 20 17 18 14 10 50 12 9 7 49 5 33 26 38 39 28 15 19 44 40 6 1 27 35 43 25 21 29 
Simple coupe :
14 10 50 12 9 7 49 5 33 26 38 39 28 15 19 44 40 6 1 27 35 43 25 21 8 53 16 31 24 4 37 52 46 41 22 47 54 48 13 3 23 2 36 30 32 11 42 51 34 45 20 17 18 29 
lettre numero 11
etat deck
14 10 50 12 9 7 49 5 33 26 38 39 28 15 19 44 40 6 1 27 35 43 25 21 8 53 16 31 24 4 37 52 46 41 22 47 54 48 13 3 23 2 36 30 32 11 42 51 34 45 20 17 18 29 
valeur carte au dessus 14
c'est bon lettre trouver pour la clef : 19 de base 19
Mouv joker:
14 10 50 12 9 7 49 5 33 26 38 39 28 15 19 44 40 6 1 27 35 43 25 21 8 16 53 31 24 4 37 52 46 41 22 47 54 48 13 3 23 2 36 30 32 11 42 51 34 45 20 17 18 29 
Mouv joker:
14 10 50 12 9 7 49 5 33 26 38 39 28 15 19 44 40 6 1 27 35 43 25 21 8 16 53 31 24 4 37 52 46 41 22 47 48 54 13 3 23 2 36 30 32 11 42 51 34 45 20 17 18 29 
Mouv joker:
14 10 50 12 9 7 49 5 33 26 38 39 28 15 19 44 40 6 1 27 35 43 25 21 8 16 53 31 24 4 37 52 46 41 22 47 48 13 54 3 23 2 36 30 32 11 42 51 34 45 20 17 18 29 
Double coupe :
3 23 2 36 30 32 11 42 51 34 45 20 17 18 29 53 31 24 4 37 52 46 41 22 47 48 13 54 14 10 50 12 9 7 49 5 33 26 38 39 28 15 19 44 40 6 1 27 35 43 25 21 8 16 
Simple coupe :
31 24 4 37 52 46 41 22 47 48 13 54 14 10 50 12 9 7 49 5 33 26 38 39 28 15 19 44 40 6 1 27 35 43 25 21 8 3 23 2 36 30 32 11 42 51 34 45 20 17 18 29 53 16 
lettre numero 12
etat deck
31 24 4 37 52 46 41 22 47 48 13 54 14 10 50 12 9 7 49 5 33 26 38 39 28 15 19 44 40 6 1 27 35 43 25 21 8 3 23 2 36 30 32 11 42 51 34 45 20 17 18 29 53 16 
valeur carte au dessus 31
c'est bon lettre trouver pour la clef : 1 de base 27
La clef2 :
19 24 2 18 20 20 10 11 16 7 20 19 1 
mot décrypté : zzzzzzzzzzzzz
